0.000000000000000000e+00 5.635846614837646262e-01
1.000000000000000000e+00 5.126378178596496804e-01
2.000000000000000000e+00 4.818619847297668235e-01
3.000000000000000000e+00 4.791088104248046875e-01
4.000000000000000000e+00 4.870990633964538685e-01
5.000000000000000000e+00 5.000995874404907671e-01
6.000000000000000000e+00 4.827137351036071555e-01
7.000000000000000000e+00 4.911177098751068337e-01
8.000000000000000000e+00 4.916215837001800537e-01
9.000000000000000000e+00 4.880704939365386741e-01
1.000000000000000000e+01 4.798355579376220592e-01
1.100000000000000000e+01 4.891128480434417947e-01
1.200000000000000000e+01 4.899125993251800537e-01
1.300000000000000000e+01 4.772796392440795676e-01
1.400000000000000000e+01 4.787961542606353760e-01
1.500000000000000000e+01 4.844472885131835826e-01
1.600000000000000000e+01 4.763970255851745494e-01
1.700000000000000000e+01 4.906480610370635986e-01
1.800000000000000000e+01 4.675255000591277965e-01
1.900000000000000000e+01 4.794539153575897439e-01
2.000000000000000000e+01 4.866080701351165883e-01
2.100000000000000000e+01 4.832473039627075417e-01
2.200000000000000000e+01 4.891274750232696422e-01
2.300000000000000000e+01 4.831919729709625022e-01
2.400000000000000000e+01 4.711626172065734863e-01
2.500000000000000000e+01 4.603217184543609841e-01
2.600000000000000000e+01 4.730830490589141846e-01
2.700000000000000000e+01 4.626299202442168967e-01
2.800000000000000000e+01 4.789850056171417458e-01
2.900000000000000000e+01 4.469902455806732400e-01
3.000000000000000000e+01 4.562568128108978049e-01
3.100000000000000000e+01 4.800760149955749512e-01
3.200000000000000000e+01 4.766251742839813232e-01
3.300000000000000000e+01 4.579407393932342640e-01
3.400000000000000000e+01 4.645923912525177224e-01
3.500000000000000000e+01 4.581477761268615834e-01
3.600000000000000000e+01 4.688760936260223389e-01
3.700000000000000000e+01 4.601821124553680531e-01
3.800000000000000000e+01 4.765906035900115967e-01
3.900000000000000000e+01 4.633936107158661000e-01
4.000000000000000000e+01 4.720145881175994984e-01
4.100000000000000000e+01 4.616702258586883323e-01
4.200000000000000000e+01 4.515959501266479381e-01
4.300000000000000000e+01 4.444138407707214355e-01
4.400000000000000000e+01 4.702778279781341664e-01
4.500000000000000000e+01 4.707806408405303955e-01
4.600000000000000000e+01 4.565354406833648793e-01
4.700000000000000000e+01 4.629159331321716087e-01
4.800000000000000000e+01 4.485006034374237061e-01
4.900000000000000000e+01 4.557714223861694114e-01
5.000000000000000000e+01 4.613736391067504994e-01
5.100000000000000000e+01 4.523225247859954945e-01
5.200000000000000000e+01 4.530945360660553201e-01
5.300000000000000000e+01 4.856619298458099143e-01
5.400000000000000000e+01 4.527989685535430686e-01
5.500000000000000000e+01 4.728510677814483643e-01
5.600000000000000000e+01 4.661707818508148415e-01
5.700000000000000000e+01 4.718478858470916970e-01
5.800000000000000000e+01 4.502216100692749134e-01
5.900000000000000000e+01 4.748307108879089578e-01
6.000000000000000000e+01 4.484206676483154519e-01
6.100000000000000000e+01 4.567502737045288086e-01
6.200000000000000000e+01 4.296651780605316162e-01
6.300000000000000000e+01 4.625156283378600852e-01
6.400000000000000000e+01 4.542260766029357910e-01
6.500000000000000000e+01 4.528183937072753906e-01
6.600000000000000000e+01 4.582275986671447976e-01
6.700000000000000000e+01 4.385464727878570779e-01
6.800000000000000000e+01 4.727586209774017334e-01
6.900000000000000000e+01 4.606344044208526833e-01
7.000000000000000000e+01 4.512981534004211204e-01
7.100000000000000000e+01 4.522584676742553711e-01
7.200000000000000000e+01 4.438348114490509033e-01
7.300000000000000000e+01 4.712711334228515403e-01
7.400000000000000000e+01 4.523909926414489968e-01
7.500000000000000000e+01 4.601171493530273326e-01
7.600000000000000000e+01 4.634948432445525901e-01
7.700000000000000000e+01 4.518886983394622692e-01
7.800000000000000000e+01 4.596063733100891335e-01
7.900000000000000000e+01 4.649366438388824463e-01
8.000000000000000000e+01 4.617944538593292125e-01
8.100000000000000000e+01 4.468482017517089733e-01
8.200000000000000000e+01 4.676306486129760964e-01
8.300000000000000000e+01 4.658008098602294811e-01
8.400000000000000000e+01 4.634246706962585338e-01
8.500000000000000000e+01 4.538867413997650369e-01
8.600000000000000000e+01 4.653114438056945579e-01
8.700000000000000000e+01 4.635881423950195535e-01
8.800000000000000000e+01 4.531198203563689964e-01
8.900000000000000000e+01 4.384820222854614036e-01
9.000000000000000000e+01 4.653205752372741588e-01
9.100000000000000000e+01 4.629490077495574951e-01
9.200000000000000000e+01 4.434481263160705566e-01
9.300000000000000000e+01 4.381119728088379017e-01
9.400000000000000000e+01 4.446425855159759633e-01
9.500000000000000000e+01 4.529745936393737571e-01
9.600000000000000000e+01 4.804905772209167591e-01
9.700000000000000000e+01 4.550224661827087513e-01
9.800000000000000000e+01 4.504350423812866211e-01
9.900000000000000000e+01 4.242653191089630349e-01
