0.000000000000000000e+00 5.591566562652587891e-01
1.000000000000000000e+00 5.130874991416931596e-01
2.000000000000000000e+00 5.030780434608459473e-01
3.000000000000000000e+00 5.013261318206787553e-01
4.000000000000000000e+00 5.007696628570557085e-01
5.000000000000000000e+00 5.001868009567260742e-01
6.000000000000000000e+00 4.997920274734496959e-01
7.000000000000000000e+00 4.991007804870605247e-01
8.000000000000000000e+00 4.965988099575042725e-01
9.000000000000000000e+00 4.942740917205810658e-01
1.000000000000000000e+01 4.880036830902099720e-01
1.100000000000000000e+01 4.928870320320129506e-01
1.200000000000000000e+01 4.837448418140411488e-01
1.300000000000000000e+01 4.819814026355743186e-01
1.400000000000000000e+01 4.753216862678527610e-01
1.500000000000000000e+01 4.587428867816925049e-01
1.600000000000000000e+01 4.482926547527313343e-01
1.700000000000000000e+01 4.359782099723815696e-01
1.800000000000000000e+01 4.445170938968658336e-01
1.900000000000000000e+01 4.368181884288787620e-01
2.000000000000000000e+01 4.223480403423309215e-01
2.100000000000000000e+01 4.501929223537445290e-01
2.200000000000000000e+01 3.809522151947021262e-01
2.300000000000000000e+01 4.090529382228851318e-01
2.400000000000000000e+01 3.563824832439422829e-01
2.500000000000000000e+01 3.635347008705139271e-01
2.600000000000000000e+01 3.660248994827270397e-01
2.700000000000000000e+01 3.413709402084350586e-01
2.800000000000000000e+01 3.721481800079345925e-01
2.900000000000000000e+01 3.101974248886108509e-01
3.000000000000000000e+01 3.936386466026305930e-01
3.100000000000000000e+01 3.093289852142334095e-01
3.200000000000000000e+01 3.153612852096557839e-01
3.300000000000000000e+01 2.841022908687591553e-01
3.400000000000000000e+01 2.853460133075714222e-01
3.500000000000000000e+01 3.235936105251312478e-01
3.600000000000000000e+01 2.873783916234969871e-01
3.700000000000000000e+01 3.229316413402557595e-01
3.800000000000000000e+01 3.538184225559234397e-01
3.900000000000000000e+01 2.911895155906677468e-01
4.000000000000000000e+01 2.969368577003478893e-01
4.100000000000000000e+01 3.497293949127197044e-01
4.200000000000000000e+01 2.694549560546875000e-01
4.300000000000000000e+01 3.400371193885803334e-01
4.400000000000000000e+01 3.404416859149932972e-01
4.500000000000000000e+01 2.766132384538650402e-01
4.600000000000000000e+01 2.540597170591354370e-01
4.700000000000000000e+01 2.796561419963836670e-01
4.800000000000000000e+01 2.781728655099868774e-01
4.900000000000000000e+01 3.000993698835373036e-01
5.000000000000000000e+01 2.761320203542709240e-01
5.100000000000000000e+01 2.621920406818389893e-01
5.200000000000000000e+01 2.660796999931335227e-01
5.300000000000000000e+01 2.934894621372222678e-01
5.400000000000000000e+01 2.794569820165634377e-01
5.500000000000000000e+01 3.068050086498260720e-01
5.600000000000000000e+01 2.987651944160461537e-01
5.700000000000000000e+01 2.534699112176895253e-01
5.800000000000000000e+01 2.439870476722717230e-01
5.900000000000000000e+01 2.747124433517456055e-01
6.000000000000000000e+01 2.359896332025527843e-01
6.100000000000000000e+01 2.528363943099975475e-01
6.200000000000000000e+01 2.466259628534316906e-01
6.300000000000000000e+01 2.820575386285781860e-01
6.400000000000000000e+01 2.457695901393890381e-01
6.500000000000000000e+01 2.388467252254486139e-01
6.600000000000000000e+01 2.740182638168334739e-01
6.700000000000000000e+01 2.850002497434616089e-01
6.800000000000000000e+01 3.008920490741729958e-01
6.900000000000000000e+01 2.853645801544189564e-01
7.000000000000000000e+01 2.282653987407684271e-01
7.100000000000000000e+01 2.465790808200836182e-01
7.200000000000000000e+01 2.483062565326690785e-01
7.300000000000000000e+01 2.461954504251480103e-01
7.400000000000000000e+01 2.429961681365966908e-01
7.500000000000000000e+01 2.607521384954452626e-01
7.600000000000000000e+01 3.287908017635345348e-01
7.700000000000000000e+01 2.352117151021957397e-01
7.800000000000000000e+01 2.611965209245681874e-01
7.900000000000000000e+01 1.861606180667877142e-01
8.000000000000000000e+01 2.088064014911651667e-01
8.100000000000000000e+01 2.310755133628845104e-01
8.200000000000000000e+01 2.164352595806121882e-01
8.300000000000000000e+01 2.656134307384491189e-01
8.400000000000000000e+01 2.345727413892745861e-01
8.500000000000000000e+01 2.120453387498855702e-01
8.600000000000000000e+01 2.570296943187713734e-01
8.700000000000000000e+01 2.080157399177551270e-01
8.800000000000000000e+01 1.989663466811180115e-01
8.900000000000000000e+01 1.484627172350883595e-01
9.000000000000000000e+01 2.289839506149292103e-01
9.100000000000000000e+01 2.182091146707534901e-01
9.200000000000000000e+01 1.947101324796676747e-01
9.300000000000000000e+01 2.673756092786788718e-01
9.400000000000000000e+01 2.103288441896438710e-01
9.500000000000000000e+01 2.382079258561134449e-01
9.600000000000000000e+01 1.462097927927970831e-01
9.700000000000000000e+01 2.152022570371627808e-01
9.800000000000000000e+01 1.986970663070678766e-01
9.900000000000000000e+01 2.214490160346031244e-01
