0.000000000000000000e+00 5.109809279441833718e-01
1.000000000000000000e+00 5.129338085651398149e-01
2.000000000000000000e+00 5.055526047945022583e-01
3.000000000000000000e+00 5.008034318685531394e-01
4.000000000000000000e+00 4.995312571525573619e-01
5.000000000000000000e+00 4.999388694763183816e-01
6.000000000000000000e+00 4.978850483894348145e-01
7.000000000000000000e+00 4.917386531829833762e-01
8.000000000000000000e+00 4.989552915096283070e-01
9.000000000000000000e+00 4.927301049232483132e-01
1.000000000000000000e+01 4.845361858606338501e-01
1.100000000000000000e+01 4.944984883069992176e-01
1.200000000000000000e+01 4.831214874982833751e-01
1.300000000000000000e+01 4.925691127777099831e-01
1.400000000000000000e+01 4.872796386480331421e-01
1.500000000000000000e+01 4.766403049230575339e-01
1.600000000000000000e+01 4.868141710758209229e-01
1.700000000000000000e+01 4.794825494289398082e-01
1.800000000000000000e+01 4.814534485340118408e-01
1.900000000000000000e+01 4.619355857372283714e-01
2.000000000000000000e+01 4.806738018989563099e-01
2.100000000000000000e+01 4.837085425853729359e-01
2.200000000000000000e+01 4.809063971042633057e-01
2.300000000000000000e+01 4.852686405181884655e-01
2.400000000000000000e+01 4.811310082674026267e-01
2.500000000000000000e+01 4.785860747098922841e-01
2.600000000000000000e+01 4.669859498739242776e-01
2.700000000000000000e+01 4.782778114080429299e-01
2.800000000000000000e+01 4.633029311895370261e-01
2.900000000000000000e+01 4.649127542972564808e-01
3.000000000000000000e+01 4.760845005512237549e-01
3.100000000000000000e+01 4.778248786926269642e-01
3.200000000000000000e+01 4.873834133148193248e-01
3.300000000000000000e+01 4.584024339914322121e-01
3.400000000000000000e+01 4.647005230188369640e-01
3.500000000000000000e+01 4.699044108390807994e-01
3.600000000000000000e+01 4.677056521177291870e-01
3.700000000000000000e+01 4.806333184242248535e-01
3.800000000000000000e+01 4.700430184602737427e-01
3.900000000000000000e+01 4.674610495567321777e-01
4.000000000000000000e+01 4.765026867389678955e-01
4.100000000000000000e+01 4.741691440343857034e-01
4.200000000000000000e+01 4.843572795391082875e-01
4.300000000000000000e+01 4.709990411996841653e-01
4.400000000000000000e+01 4.526633888483047596e-01
4.500000000000000000e+01 4.683791309595107810e-01
4.600000000000000000e+01 4.619981884956360085e-01
4.700000000000000000e+01 4.523270994424820057e-01
4.800000000000000000e+01 4.640093207359313743e-01
4.900000000000000000e+01 4.480806738138198853e-01
5.000000000000000000e+01 4.787695258855819702e-01
5.100000000000000000e+01 4.607477694749831931e-01
5.200000000000000000e+01 4.524252802133560403e-01
5.300000000000000000e+01 4.655014574527740479e-01
5.400000000000000000e+01 4.519626885652542336e-01
5.500000000000000000e+01 4.583168625831604004e-01
5.600000000000000000e+01 4.615017414093017800e-01
5.700000000000000000e+01 4.731377243995666393e-01
5.800000000000000000e+01 4.709398239850998147e-01
5.900000000000000000e+01 4.599506258964538574e-01
6.000000000000000000e+01 4.695876598358154075e-01
6.100000000000000000e+01 4.625834226608276367e-01
6.200000000000000000e+01 4.621451735496521218e-01
6.300000000000000000e+01 4.649961262941360585e-01
6.400000000000000000e+01 4.625243455171584861e-01
6.500000000000000000e+01 4.673619747161865123e-01
6.600000000000000000e+01 4.698334813117980846e-01
6.700000000000000000e+01 4.609238356351852417e-01
6.800000000000000000e+01 4.617931544780731201e-01
6.900000000000000000e+01 4.633850187063217052e-01
7.000000000000000000e+01 4.651648670434951893e-01
7.100000000000000000e+01 4.608225882053375022e-01
7.200000000000000000e+01 4.569832414388656505e-01
7.300000000000000000e+01 4.475234568119049183e-01
7.400000000000000000e+01 4.688923329114914051e-01
7.500000000000000000e+01 4.547204792499542347e-01
7.600000000000000000e+01 4.416455358266830333e-01
7.700000000000000000e+01 4.627609342336654885e-01
7.800000000000000000e+01 4.502212822437286488e-01
7.900000000000000000e+01 4.798984736204147117e-01
8.000000000000000000e+01 4.592303574085235818e-01
8.100000000000000000e+01 4.483174026012420876e-01
8.200000000000000000e+01 4.474223434925079235e-01
8.300000000000000000e+01 4.581847906112671009e-01
8.400000000000000000e+01 4.669723808765411377e-01
8.500000000000000000e+01 4.435067534446716087e-01
8.600000000000000000e+01 4.718331336975097878e-01
8.700000000000000000e+01 4.526705026626586803e-01
8.800000000000000000e+01 4.563456684350967185e-01
8.900000000000000000e+01 4.395834326744079701e-01
9.000000000000000000e+01 4.250574678182602040e-01
9.100000000000000000e+01 4.415680348873138317e-01
9.200000000000000000e+01 4.752505749464034923e-01
9.300000000000000000e+01 4.346963524818420188e-01
9.400000000000000000e+01 4.491167366504669189e-01
9.500000000000000000e+01 4.437978118658065796e-01
9.600000000000000000e+01 4.575391262769699097e-01
9.700000000000000000e+01 4.665176808834076150e-01
9.800000000000000000e+01 4.544615447521209717e-01
9.900000000000000000e+01 4.391618043184280507e-01
