0.000000000000000000e+00 2.453587832031249854e+04
1.000000000000000000e+00 1.343958525390625073e+04
2.000000000000000000e+00 9.783755078124999272e+03
3.000000000000000000e+00 8.127561425781250364e+03
4.000000000000000000e+00 7.059275146484375000e+03
5.000000000000000000e+00 6.483814501953124818e+03
6.000000000000000000e+00 5.668922851562500000e+03
7.000000000000000000e+00 5.144516259765625364e+03
8.000000000000000000e+00 4.691415429687500364e+03
9.000000000000000000e+00 4.289738378906249636e+03
1.000000000000000000e+01 3.865196875000000091e+03
1.100000000000000000e+01 3.386965380859374818e+03
1.200000000000000000e+01 3.060825561523437500e+03
1.300000000000000000e+01 2.953426611328125091e+03
1.400000000000000000e+01 2.400590332031250000e+03
1.500000000000000000e+01 2.366925366210937682e+03
1.600000000000000000e+01 2.118723400878906432e+03
1.700000000000000000e+01 2.083525842285156159e+03
1.800000000000000000e+01 1.880284045410156295e+03
1.900000000000000000e+01 1.769275378417968795e+03
2.000000000000000000e+01 1.648598645019531205e+03
2.100000000000000000e+01 1.656063964843750000e+03
2.200000000000000000e+01 1.571837414550781205e+03
2.300000000000000000e+01 1.580327587890624955e+03
2.400000000000000000e+01 1.450328027343749909e+03
2.500000000000000000e+01 1.422411364746093795e+03
2.600000000000000000e+01 1.469919439697265716e+03
2.700000000000000000e+01 1.274999450683593750e+03
2.800000000000000000e+01 1.268691925048828125e+03
2.900000000000000000e+01 1.126233251953125091e+03
3.000000000000000000e+01 1.224195837402343841e+03
3.100000000000000000e+01 1.188599096679687591e+03
3.200000000000000000e+01 1.047148672485351653e+03
3.300000000000000000e+01 1.067676232910156159e+03
3.400000000000000000e+01 1.030719006347656205e+03
3.500000000000000000e+01 1.000361047363281273e+03
3.600000000000000000e+01 1.021767047119140670e+03
3.700000000000000000e+01 8.243166809082031250e+02
3.800000000000000000e+01 8.824310363769531023e+02
3.900000000000000000e+01 8.400476257324219205e+02
4.000000000000000000e+01 8.605242324829101790e+02
4.100000000000000000e+01 8.798819610595703580e+02
4.200000000000000000e+01 8.799011840820312500e+02
4.300000000000000000e+01 8.017648803710937955e+02
4.400000000000000000e+01 9.230127685546874545e+02
4.500000000000000000e+01 7.245194671630858920e+02
4.600000000000000000e+01 7.742032104492187727e+02
4.700000000000000000e+01 9.466550903320312500e+02
4.800000000000000000e+01 8.216143981933594205e+02
4.900000000000000000e+01 7.151660827636718523e+02
5.000000000000000000e+01 8.444705078125000455e+02
5.100000000000000000e+01 7.957861755371093295e+02
5.200000000000000000e+01 8.377131530761719205e+02
5.300000000000000000e+01 8.421937683105468295e+02
5.400000000000000000e+01 8.225886749267577898e+02
5.500000000000000000e+01 8.775275665283203352e+02
5.600000000000000000e+01 7.888379455566406477e+02
5.700000000000000000e+01 8.695731018066405795e+02
5.800000000000000000e+01 7.839315551757812273e+02
5.900000000000000000e+01 7.831186950683593295e+02
6.000000000000000000e+01 6.985098022460937273e+02
6.100000000000000000e+01 8.385284790039062273e+02
6.200000000000000000e+01 7.966045257568359830e+02
6.300000000000000000e+01 7.414613800048828125e+02
6.400000000000000000e+01 6.926980911254883040e+02
6.500000000000000000e+01 8.034796081542968977e+02
6.600000000000000000e+01 7.523575622558594205e+02
6.700000000000000000e+01 8.367307220458984602e+02
6.800000000000000000e+01 6.892352294921875000e+02
6.900000000000000000e+01 6.040030120849609148e+02
7.000000000000000000e+01 6.047027832031250227e+02
7.100000000000000000e+01 6.839606597900390170e+02
7.200000000000000000e+01 6.857328277587890852e+02
7.300000000000000000e+01 6.606062194824219205e+02
7.400000000000000000e+01 7.038133666992187045e+02
7.500000000000000000e+01 6.725627410888671420e+02
7.600000000000000000e+01 9.491436248779297102e+02
7.700000000000000000e+01 8.505559509277343295e+02
7.800000000000000000e+01 6.590536224365234830e+02
7.900000000000000000e+01 6.307005737304687045e+02
8.000000000000000000e+01 5.759924438476562045e+02
8.100000000000000000e+01 5.396246322631835710e+02
8.200000000000000000e+01 6.609833984375000000e+02
8.300000000000000000e+01 6.398041351318358920e+02
8.400000000000000000e+01 7.016648925781249773e+02
8.500000000000000000e+01 7.365351257324218750e+02
8.600000000000000000e+01 7.896300537109375455e+02
8.700000000000000000e+01 9.119023254394530795e+02
8.800000000000000000e+01 6.951240051269530795e+02
8.900000000000000000e+01 6.961069641113281250e+02
9.000000000000000000e+01 8.531057556152343295e+02
9.100000000000000000e+01 7.815167358398437045e+02
9.200000000000000000e+01 5.736323883056641080e+02
9.300000000000000000e+01 7.964224884033203580e+02
9.400000000000000000e+01 6.595115417480468523e+02
9.500000000000000000e+01 6.355628326416015170e+02
9.600000000000000000e+01 6.759471618652344205e+02
9.700000000000000000e+01 7.368907928466796875e+02
9.800000000000000000e+01 5.922912322998047330e+02
9.900000000000000000e+01 6.132022216796874545e+02
