0.000000000000000000e+00 -1.620933532714843861e-01
1.000000000000000000e+00 -8.770466446876526434e-02
2.000000000000000000e+00 -6.355256512761116028e-01
3.000000000000000000e+00 -1.485419154167175182e-01
4.000000000000000000e+00 -9.383376240730285922e-02
5.000000000000000000e+00 -9.503544718027115423e-02
6.000000000000000000e+00 -1.110463321208953885e-01
7.000000000000000000e+00 -9.407695233821869452e-02
8.000000000000000000e+00 -1.532025933265686035e-01
9.000000000000000000e+00 -9.880831688642502386e-02
1.000000000000000000e+01 -8.832619920372962730e-01
1.100000000000000000e+01 -9.493060410022735596e-02
1.200000000000000000e+01 -9.550427496433258612e-02
1.300000000000000000e+01 -1.504076838493347279e-01
1.400000000000000000e+01 -9.605299681425094604e-02
1.500000000000000000e+01 -1.065207958221435491e-01
1.600000000000000000e+01 -1.072139978408813421e-01
1.700000000000000000e+01 -1.390868008136749157e-01
1.800000000000000000e+01 -1.313745319843292181e-01
1.900000000000000000e+01 -2.024495258927345165e-01
2.000000000000000000e+01 -9.992343485355377475e-02
2.100000000000000000e+01 -2.661614686250686757e-01
2.200000000000000000e+01 -3.787490695714950673e-01
2.300000000000000000e+01 -2.801762700080871471e-01
2.400000000000000000e+01 -8.911067545413971225e-02
2.500000000000000000e+01 -1.013031557202339200e-01
2.600000000000000000e+01 -9.103971883654594643e-01
2.700000000000000000e+01 -1.125989913940429743e-01
2.800000000000000000e+01 -2.444557443261146656e-01
2.900000000000000000e+01 -8.552621692419052346e-01
3.000000000000000000e+01 -2.796458557248115429e-01
3.100000000000000000e+01 -6.334722638130187988e-01
3.200000000000000000e+01 -1.199496015906333923e-01
3.300000000000000000e+01 -1.024566128849983271e-01
3.400000000000000000e+01 -3.569237247109413036e-01
3.500000000000000000e+01 -1.009421035647392328e-01
3.600000000000000000e+01 -1.752565607428550609e-01
3.700000000000000000e+01 -1.845451682806014959e-01
3.800000000000000000e+01 -1.697138011455535944e-01
3.900000000000000000e+01 -2.501508653163909690e-01
4.000000000000000000e+01 -6.522980213165283647e-01
4.100000000000000000e+01 -1.299545809626579396e-01
4.200000000000000000e+01 -3.228181555867195018e-01
4.300000000000000000e+01 -1.051965117454528864e-01
4.400000000000000000e+01 -1.046829789876937838e-01
4.500000000000000000e+01 -2.896554663777351490e-01
4.600000000000000000e+01 -2.014946654438972418e-01
4.700000000000000000e+01 -4.222438141703605541e-01
4.800000000000000000e+01 -2.700501576066017262e-01
4.900000000000000000e+01 -1.053326591849327032e-01
5.000000000000000000e+01 -1.086075380444526672e-01
5.100000000000000000e+01 -1.029480352997779874e-01
5.200000000000000000e+01 -8.320794612169265525e-01
5.300000000000000000e+01 -1.046239539980888394e-01
5.400000000000000000e+01 -2.023281380534172058e-01
5.500000000000000000e+01 -1.498658239841461071e-01
5.600000000000000000e+01 -9.049280375242233498e-01
5.700000000000000000e+01 -1.040005534887313843e-01
5.800000000000000000e+01 -1.938401624560356085e-01
5.900000000000000000e+01 -4.938090816140174866e-01
6.000000000000000000e+01 -1.151670023798942594e-01
6.100000000000000000e+01 -1.695309802889823914e-01
6.200000000000000000e+01 -1.072343334555625888e-01
6.300000000000000000e+01 -1.089889273047447149e-01
6.400000000000000000e+01 -1.066188737750053406e-01
6.500000000000000000e+01 -2.008429571986198314e-01
6.600000000000000000e+01 -1.069336265325546292e-01
6.700000000000000000e+01 -1.099341094493865995e-01
6.800000000000000000e+01 -1.202765658497810392e-01
6.900000000000000000e+01 -1.117870569229126032e-01
7.000000000000000000e+01 -1.073971733450889560e-01
7.100000000000000000e+01 -1.906933274865150407e+00
7.200000000000000000e+01 -2.490662008523941151e-01
7.300000000000000000e+01 -1.080300897359847967e-01
7.400000000000000000e+01 -2.345595583319664001e-01
7.500000000000000000e+01 -1.042531415820121821e-01
7.600000000000000000e+01 -3.139164477586746105e-01
7.700000000000000000e+01 -1.057844653725624057e-01
7.800000000000000000e+01 -1.497345075011253246e-01
7.900000000000000000e+01 -2.411376982927322388e-01
8.000000000000000000e+01 -1.039945453405380221e-01
8.100000000000000000e+01 -1.106802389025688116e-01
8.200000000000000000e+01 -1.427062705159187206e-01
8.300000000000000000e+01 -1.079179048538208008e-01
8.400000000000000000e+01 -2.385522603988647350e-01
8.500000000000000000e+01 -1.262516096234321539e-01
8.600000000000000000e+01 -1.399207055568695013e-01
8.700000000000000000e+01 -2.372346833348274175e-01
8.800000000000000000e+01 -1.109906017780303983e-01
8.900000000000000000e+01 -2.184612095355987493e-01
9.000000000000000000e+01 -1.042968094348907526e-01
9.100000000000000000e+01 -1.177332222461700412e-01
9.200000000000000000e+01 -1.324312840402126268e+00
9.300000000000000000e+01 -1.645045742392539923e-01
9.400000000000000000e+01 -1.503380283713340870e-01
9.500000000000000000e+01 -1.371604621410369984e-01
9.600000000000000000e+01 -1.038712590932846097e-01
9.700000000000000000e+01 -1.033726885914802579e-01
9.800000000000000000e+01 -8.081533282995223555e-01
9.900000000000000000e+01 -1.568660870194435175e-01
