0.000000000000000000e+00 4.999350160360336304e-01
1.000000000000000000e+00 4.955150723457336648e-01
2.000000000000000000e+00 4.872060567140579224e-01
3.000000000000000000e+00 4.848059475421905296e-01
4.000000000000000000e+00 4.686039626598358376e-01
5.000000000000000000e+00 4.421528220176696999e-01
6.000000000000000000e+00 4.500698387622833474e-01
7.000000000000000000e+00 4.552663117647171021e-01
8.000000000000000000e+00 4.529032588005065807e-01
9.000000000000000000e+00 4.564026474952697643e-01
1.000000000000000000e+01 4.560227394104003906e-01
1.100000000000000000e+01 4.585063099861145242e-01
1.200000000000000000e+01 4.493948787450790516e-01
1.300000000000000000e+01 4.335923433303833230e-01
1.400000000000000000e+01 4.546641200780868752e-01
1.500000000000000000e+01 4.500388115644454734e-01
1.600000000000000000e+01 4.508114874362945668e-01
1.700000000000000000e+01 4.364799499511718972e-01
1.800000000000000000e+01 4.318099230527877586e-01
1.900000000000000000e+01 4.430112123489379772e-01
2.000000000000000000e+01 4.440801620483398326e-01
2.100000000000000000e+01 4.281829684972763284e-01
2.200000000000000000e+01 4.297277063131332286e-01
2.300000000000000000e+01 4.521061092615127341e-01
2.400000000000000000e+01 4.339543074369430764e-01
2.500000000000000000e+01 4.411595314741134644e-01
2.600000000000000000e+01 4.365646898746490256e-01
2.700000000000000000e+01 4.369023501873016135e-01
2.800000000000000000e+01 4.367084264755248801e-01
2.900000000000000000e+01 4.255078971385956033e-01
3.000000000000000000e+01 4.211566954851150291e-01
3.100000000000000000e+01 4.421180903911590687e-01
3.200000000000000000e+01 4.449599266052245983e-01
3.300000000000000000e+01 4.348452746868133323e-01
3.400000000000000000e+01 4.244929403066635132e-01
3.500000000000000000e+01 4.151618808507919201e-01
3.600000000000000000e+01 4.242844790220260398e-01
3.700000000000000000e+01 4.133310437202453724e-01
3.800000000000000000e+01 4.374909490346908791e-01
3.900000000000000000e+01 4.184777736663818359e-01
4.000000000000000000e+01 4.228650033473968506e-01
4.100000000000000000e+01 4.137546867132186890e-01
4.200000000000000000e+01 4.215039700269699319e-01
4.300000000000000000e+01 3.966834992170333862e-01
4.400000000000000000e+01 4.141917198896408192e-01
4.500000000000000000e+01 4.152215123176574707e-01
4.600000000000000000e+01 4.144498854875564575e-01
4.700000000000000000e+01 4.159010380506515392e-01
4.800000000000000000e+01 4.126877337694168091e-01
4.900000000000000000e+01 4.119608789682388528e-01
5.000000000000000000e+01 4.170302957296371238e-01
5.100000000000000000e+01 3.992367297410964744e-01
5.200000000000000000e+01 3.994122922420501598e-01
5.300000000000000000e+01 4.175311625003814697e-01
5.400000000000000000e+01 4.130402266979217307e-01
5.500000000000000000e+01 4.032932400703430065e-01
5.600000000000000000e+01 4.196030110120773093e-01
5.700000000000000000e+01 4.303184241056442483e-01
5.800000000000000000e+01 4.129256397485733254e-01
5.900000000000000000e+01 4.182751864194870217e-01
6.000000000000000000e+01 4.239763379096984641e-01
6.100000000000000000e+01 4.143423527479171975e-01
6.200000000000000000e+01 4.152871251106262096e-01
6.300000000000000000e+01 4.109830051660537942e-01
6.400000000000000000e+01 4.158974617719650158e-01
6.500000000000000000e+01 4.182329267263412698e-01
6.600000000000000000e+01 4.145958781242370383e-01
6.700000000000000000e+01 4.010071098804474099e-01
6.800000000000000000e+01 4.145918428897857888e-01
6.900000000000000000e+01 4.059237569570541271e-01
7.000000000000000000e+01 4.199040442705154197e-01
7.100000000000000000e+01 4.220713257789611705e-01
7.200000000000000000e+01 4.283506751060485729e-01
7.300000000000000000e+01 3.968081235885619895e-01
7.400000000000000000e+01 4.085230588912963645e-01
7.500000000000000000e+01 4.134911656379699485e-01
7.600000000000000000e+01 4.021822869777679221e-01
7.700000000000000000e+01 4.145961582660674938e-01
7.800000000000000000e+01 4.218971639871597068e-01
7.900000000000000000e+01 4.212460935115814320e-01
8.000000000000000000e+01 3.894998937845229880e-01
8.100000000000000000e+01 4.021973133087158314e-01
8.200000000000000000e+01 4.081010609865188821e-01
8.300000000000000000e+01 3.896216154098510742e-01
8.400000000000000000e+01 3.953470349311828391e-01
8.500000000000000000e+01 4.108024358749389759e-01
8.600000000000000000e+01 3.851954430341720803e-01
8.700000000000000000e+01 4.045821338891982810e-01
8.800000000000000000e+01 4.135448455810546986e-01
8.900000000000000000e+01 3.992612093687057384e-01
9.000000000000000000e+01 4.175919115543365590e-01
9.100000000000000000e+01 3.995001375675201194e-01
9.200000000000000000e+01 4.035410016775131115e-01
9.300000000000000000e+01 4.038971453905105813e-01
9.400000000000000000e+01 4.257324308156967274e-01
9.500000000000000000e+01 4.243904083967208751e-01
9.600000000000000000e+01 4.303266525268554799e-01
9.700000000000000000e+01 4.096282094717025868e-01
9.800000000000000000e+01 4.225386172533035500e-01
9.900000000000000000e+01 3.975345790386199951e-01
