0.000000000000000000e+00 5.594633698463440385e-01
1.000000000000000000e+00 5.134582281112670676e-01
2.000000000000000000e+00 5.031390190124511719e-01
3.000000000000000000e+00 5.013434290885925293e-01
4.000000000000000000e+00 5.006628274917602761e-01
5.000000000000000000e+00 5.000416278839111550e-01
6.000000000000000000e+00 4.996278345584869163e-01
7.000000000000000000e+00 4.977922201156615989e-01
8.000000000000000000e+00 4.980499029159545787e-01
9.000000000000000000e+00 4.957430124282836692e-01
1.000000000000000000e+01 4.892314314842224343e-01
1.100000000000000000e+01 4.822412908077239879e-01
1.200000000000000000e+01 4.707656621932983509e-01
1.300000000000000000e+01 4.488798975944519043e-01
1.400000000000000000e+01 4.487873494625091442e-01
1.500000000000000000e+01 4.305242896080017090e-01
1.600000000000000000e+01 4.106076776981353871e-01
1.700000000000000000e+01 3.710213065147399680e-01
1.800000000000000000e+01 3.648408591747284158e-01
1.900000000000000000e+01 3.724579274654388206e-01
2.000000000000000000e+01 3.698991477489471658e-01
2.100000000000000000e+01 3.867196261882782093e-01
2.200000000000000000e+01 3.474373161792755349e-01
2.300000000000000000e+01 3.691752493381500466e-01
2.400000000000000000e+01 3.333384096622467041e-01
2.500000000000000000e+01 3.334836483001709095e-01
2.600000000000000000e+01 3.505892932415008434e-01
2.700000000000000000e+01 3.278647422790527122e-01
2.800000000000000000e+01 3.638725101947784535e-01
2.900000000000000000e+01 3.125361382961273082e-01
3.000000000000000000e+01 3.802215754985809326e-01
3.100000000000000000e+01 3.056563377380371316e-01
3.200000000000000000e+01 3.234796106815338024e-01
3.300000000000000000e+01 2.942653000354766846e-01
3.400000000000000000e+01 2.964641749858856201e-01
3.500000000000000000e+01 3.212291628122329601e-01
3.600000000000000000e+01 2.935433030128479226e-01
3.700000000000000000e+01 3.226287126541137473e-01
3.800000000000000000e+01 3.421584010124206765e-01
3.900000000000000000e+01 2.884134799242019653e-01
4.000000000000000000e+01 3.093302071094513050e-01
4.100000000000000000e+01 3.515035569667815940e-01
4.200000000000000000e+01 2.708799868822097667e-01
4.300000000000000000e+01 3.420336186885833962e-01
4.400000000000000000e+01 3.380865216255187766e-01
4.500000000000000000e+01 2.848582834005355946e-01
4.600000000000000000e+01 2.581383168697357067e-01
4.700000000000000000e+01 2.852542698383331299e-01
4.800000000000000000e+01 2.827718555927276611e-01
4.900000000000000000e+01 2.907297670841216819e-01
5.000000000000000000e+01 2.727602690458297841e-01
5.100000000000000000e+01 2.609583795070647971e-01
5.200000000000000000e+01 2.574967354536056297e-01
5.300000000000000000e+01 2.915475457906723245e-01
5.400000000000000000e+01 2.855270922183990590e-01
5.500000000000000000e+01 3.082464933395385742e-01
5.600000000000000000e+01 3.070897221565246360e-01
5.700000000000000000e+01 2.570901721715926902e-01
5.800000000000000000e+01 2.541894018650054932e-01
5.900000000000000000e+01 2.789788156747817771e-01
6.000000000000000000e+01 2.392339795827865545e-01
6.100000000000000000e+01 2.549916654825210571e-01
6.200000000000000000e+01 2.516160368919372337e-01
6.300000000000000000e+01 2.735221028327942117e-01
6.400000000000000000e+01 2.392716079950332753e-01
6.500000000000000000e+01 2.297482728958129827e-01
6.600000000000000000e+01 2.649366170167922752e-01
6.700000000000000000e+01 2.697308957576751709e-01
6.800000000000000000e+01 2.930628687143325695e-01
6.900000000000000000e+01 2.702452898025512473e-01
7.000000000000000000e+01 2.054748415946960338e-01
7.100000000000000000e+01 2.232513517141342108e-01
7.200000000000000000e+01 2.237350314855575673e-01
7.300000000000000000e+01 2.305579155683517567e-01
7.400000000000000000e+01 2.345909982919693049e-01
7.500000000000000000e+01 2.464926704764366094e-01
7.600000000000000000e+01 3.206155121326446644e-01
7.700000000000000000e+01 2.217337936162948608e-01
7.800000000000000000e+01 2.534323126077652200e-01
7.900000000000000000e+01 1.725350826978683527e-01
8.000000000000000000e+01 1.900679886341095082e-01
8.100000000000000000e+01 2.118280574679374806e-01
8.200000000000000000e+01 2.111888021230697576e-01
8.300000000000000000e+01 2.550668060779571755e-01
8.400000000000000000e+01 2.205181330442428644e-01
8.500000000000000000e+01 2.070477664470672663e-01
8.600000000000000000e+01 2.374591350555420033e-01
8.700000000000000000e+01 1.920526027679443359e-01
8.800000000000000000e+01 1.905810162425041199e-01
8.900000000000000000e+01 1.408511683344841059e-01
9.000000000000000000e+01 2.216195791959762462e-01
9.100000000000000000e+01 2.136862099170684925e-01
9.200000000000000000e+01 1.959982842206954845e-01
9.300000000000000000e+01 2.627363592386245950e-01
9.400000000000000000e+01 2.057805001735687200e-01
9.500000000000000000e+01 2.306880474090576283e-01
9.600000000000000000e+01 1.428491920232772827e-01
9.700000000000000000e+01 2.033113151788711603e-01
9.800000000000000000e+01 1.989750713109970093e-01
9.900000000000000000e+01 2.161544829607009999e-01
