0.000000000000000000e+00 4.971456140279769675e-01
1.000000000000000000e+00 4.901532262563705333e-01
2.000000000000000000e+00 5.055341333150863425e-01
3.000000000000000000e+00 5.011912018060684648e-01
4.000000000000000000e+00 4.984162837266922219e-01
5.000000000000000000e+00 4.984971195459365623e-01
6.000000000000000000e+00 4.880178630352020042e-01
7.000000000000000000e+00 4.770331799983978383e-01
8.000000000000000000e+00 4.712674140930175892e-01
9.000000000000000000e+00 4.126965165138244407e-01
1.000000000000000000e+01 4.523002207279205322e-01
1.100000000000000000e+01 4.637571662664413674e-01
1.200000000000000000e+01 4.490579605102539285e-01
1.300000000000000000e+01 4.441528290510177723e-01
1.400000000000000000e+01 4.636379003524780384e-01
1.500000000000000000e+01 4.588553905487060547e-01
1.600000000000000000e+01 4.436731159687042347e-01
1.700000000000000000e+01 4.567021906375884899e-01
1.800000000000000000e+01 4.580117464065551758e-01
1.900000000000000000e+01 4.395567148923874012e-01
2.000000000000000000e+01 4.318356305360794289e-01
2.100000000000000000e+01 4.598914176225662453e-01
2.200000000000000000e+01 4.618190497159957997e-01
2.300000000000000000e+01 4.510787338018417136e-01
2.400000000000000000e+01 4.393530249595641868e-01
2.500000000000000000e+01 4.441542923450469971e-01
2.600000000000000000e+01 4.492425352334976085e-01
2.700000000000000000e+01 4.447697669267654530e-01
2.800000000000000000e+01 4.445743650197983010e-01
2.900000000000000000e+01 4.424630463123321311e-01
3.000000000000000000e+01 4.569652706384658702e-01
3.100000000000000000e+01 4.488024771213531272e-01
3.200000000000000000e+01 4.525486379861831665e-01
3.300000000000000000e+01 4.421730399131774680e-01
3.400000000000000000e+01 4.418931156396865845e-01
3.500000000000000000e+01 4.449100494384765625e-01
3.600000000000000000e+01 4.339038968086242898e-01
3.700000000000000000e+01 4.283076256513595470e-01
3.800000000000000000e+01 4.254543602466583363e-01
3.900000000000000000e+01 4.513738930225372203e-01
4.000000000000000000e+01 4.484140932559966819e-01
4.100000000000000000e+01 4.572110593318939320e-01
4.200000000000000000e+01 4.417170822620392068e-01
4.300000000000000000e+01 4.458730250597000011e-01
4.400000000000000000e+01 4.292182445526123158e-01
4.500000000000000000e+01 4.398301124572753795e-01
4.600000000000000000e+01 4.504259496927261464e-01
4.700000000000000000e+01 4.476321130990982278e-01
4.800000000000000000e+01 4.351500540971756092e-01
4.900000000000000000e+01 4.331171810626983643e-01
5.000000000000000000e+01 4.334294348955154419e-01
5.100000000000000000e+01 4.337336957454681619e-01
5.200000000000000000e+01 4.275901079177856223e-01
5.300000000000000000e+01 4.418116569519042747e-01
5.400000000000000000e+01 4.408504754304886086e-01
5.500000000000000000e+01 4.199710875749588235e-01
5.600000000000000000e+01 4.278549820184707753e-01
5.700000000000000000e+01 4.265226483345031516e-01
5.800000000000000000e+01 4.213817149400710949e-01
5.900000000000000000e+01 4.312210679054260254e-01
6.000000000000000000e+01 4.224985659122467152e-01
6.100000000000000000e+01 4.220083117485046165e-01
6.200000000000000000e+01 4.161142379045486561e-01
6.300000000000000000e+01 4.170727014541625866e-01
6.400000000000000000e+01 4.127549886703490989e-01
6.500000000000000000e+01 4.126135528087616078e-01
6.600000000000000000e+01 4.244694560766220093e-01
6.700000000000000000e+01 4.002605229616165161e-01
6.800000000000000000e+01 4.151861280202865379e-01
6.900000000000000000e+01 4.107441604137420654e-01
7.000000000000000000e+01 4.209354162216186745e-01
7.100000000000000000e+01 3.973641753196716087e-01
7.200000000000000000e+01 3.964285373687744252e-01
7.300000000000000000e+01 4.128753244876861572e-01
7.400000000000000000e+01 3.880872130393981934e-01
7.500000000000000000e+01 3.755660593509674294e-01
7.600000000000000000e+01 3.939888656139373668e-01
7.700000000000000000e+01 3.988676279783248679e-01
7.800000000000000000e+01 4.083471119403839222e-01
7.900000000000000000e+01 3.883405625820159912e-01
8.000000000000000000e+01 4.009636133909225686e-01
8.100000000000000000e+01 4.048295944929122814e-01
8.200000000000000000e+01 3.892119586467742698e-01
8.300000000000000000e+01 3.942603826522826926e-01
8.400000000000000000e+01 3.869210124015808328e-01
8.500000000000000000e+01 3.707829117774963379e-01
8.600000000000000000e+01 3.540156155824661366e-01
8.700000000000000000e+01 3.625804603099823109e-01
8.800000000000000000e+01 3.564461380243301170e-01
8.900000000000000000e+01 3.624899357557296864e-01
9.000000000000000000e+01 3.839265793561935647e-01
9.100000000000000000e+01 3.574907273054123147e-01
9.200000000000000000e+01 3.722044676542282104e-01
9.300000000000000000e+01 3.701363146305084451e-01
9.400000000000000000e+01 3.811707526445388683e-01
9.500000000000000000e+01 3.678431510925292969e-01
9.600000000000000000e+01 3.635566383600234985e-01
9.700000000000000000e+01 3.593998104333877563e-01
9.800000000000000000e+01 3.505100429058075062e-01
9.900000000000000000e+01 4.127330482006072998e-01
1.000000000000000000e+02 3.647732108831405751e-01
1.010000000000000000e+02 3.689664691686630471e-01
1.020000000000000000e+02 3.952482342720031738e-01
1.030000000000000000e+02 3.771619677543640026e-01
1.040000000000000000e+02 3.781749039888381847e-01
1.050000000000000000e+02 3.755722790956497192e-01
1.060000000000000000e+02 3.856904119253158347e-01
1.070000000000000000e+02 3.915934622287750022e-01
1.080000000000000000e+02 3.710882842540740856e-01
1.090000000000000000e+02 4.038571327924728172e-01
1.100000000000000000e+02 3.814731597900390403e-01
1.110000000000000000e+02 3.522494226694107278e-01
1.120000000000000000e+02 3.641700714826583973e-01
1.130000000000000000e+02 3.432722240686416626e-01
1.140000000000000000e+02 3.524585574865340964e-01
1.150000000000000000e+02 3.757751673460006936e-01
1.160000000000000000e+02 3.761176198720931896e-01
1.170000000000000000e+02 3.779892265796661599e-01
1.180000000000000000e+02 4.062995225191116111e-01
1.190000000000000000e+02 3.864555329084396473e-01
1.200000000000000000e+02 3.660025894641876221e-01
1.210000000000000000e+02 3.866304486989974865e-01
1.220000000000000000e+02 3.940746217966079601e-01
1.230000000000000000e+02 3.896562457084655762e-01
1.240000000000000000e+02 3.863373339176178201e-01
1.250000000000000000e+02 4.107262223958969005e-01
1.260000000000000000e+02 3.807776451110839733e-01
1.270000000000000000e+02 3.883850663900375588e-01
1.280000000000000000e+02 4.046863347291946300e-01
1.290000000000000000e+02 3.929700911045074241e-01
1.300000000000000000e+02 4.047890424728393666e-01
1.310000000000000000e+02 4.260594546794891357e-01
1.320000000000000000e+02 4.033368349075317494e-01
1.330000000000000000e+02 3.977004379034042580e-01
1.340000000000000000e+02 4.072520673274994119e-01
1.350000000000000000e+02 4.028851300477981345e-01
1.360000000000000000e+02 4.156386405229568481e-01
1.370000000000000000e+02 3.817870557308197244e-01
1.380000000000000000e+02 4.089073389768600464e-01
1.390000000000000000e+02 4.164456307888030895e-01
1.400000000000000000e+02 3.930145204067230225e-01
1.410000000000000000e+02 4.057516068220138328e-01
1.420000000000000000e+02 3.765262871980666892e-01
1.430000000000000000e+02 4.237689465284347756e-01
1.440000000000000000e+02 4.243529886007308960e-01
1.450000000000000000e+02 4.186603337526321189e-01
1.460000000000000000e+02 4.110324621200561745e-01
1.470000000000000000e+02 4.259554177522659191e-01
1.480000000000000000e+02 4.270122826099395641e-01
1.490000000000000000e+02 4.322623044252395519e-01
