0.000000000000000000e+00 1.545341742038726762e+00
1.000000000000000000e+00 8.456002116203308328e-01
2.000000000000000000e+00 5.751525640487671343e-01
3.000000000000000000e+00 4.412689864635467307e-01
4.000000000000000000e+00 3.506572842597961426e-01
5.000000000000000000e+00 2.930089205503463856e-01
6.000000000000000000e+00 2.420804262161254938e-01
7.000000000000000000e+00 1.987918093800544739e-01
8.000000000000000000e+00 1.746519759297370800e-01
9.000000000000000000e+00 1.519449979066848644e-01
1.000000000000000000e+01 1.301070578396320288e-01
1.100000000000000000e+01 1.081268280744552557e-01
1.200000000000000000e+01 9.649279043078422269e-02
1.300000000000000000e+01 8.470511510968208035e-02
1.400000000000000000e+01 6.704466044902801514e-02
1.500000000000000000e+01 6.388566307723522741e-02
1.600000000000000000e+01 5.345564559102058272e-02
1.700000000000000000e+01 4.966623187065124373e-02
1.800000000000000000e+01 4.263869114220142365e-02
1.900000000000000000e+01 3.826371952891349792e-02
2.000000000000000000e+01 3.239886444061994275e-02
2.100000000000000000e+01 2.813027910888194968e-02
2.200000000000000000e+01 2.441083863377570967e-02
2.300000000000000000e+01 2.098014988005161147e-02
2.400000000000000000e+01 1.963423537090420654e-02
2.500000000000000000e+01 1.801056079566478590e-02
2.600000000000000000e+01 1.621193988248705725e-02
2.700000000000000000e+01 1.310847979038953781e-02
2.800000000000000000e+01 1.254137083888053929e-02
2.900000000000000000e+01 1.094362931326031685e-02
3.000000000000000000e+01 9.576650476083159794e-03
3.100000000000000000e+01 8.567830594256520965e-03
3.200000000000000000e+01 7.149660121649503361e-03
3.300000000000000000e+01 6.609397148713469852e-03
3.400000000000000000e+01 5.840137880295514887e-03
3.500000000000000000e+01 5.223321076482534235e-03
3.600000000000000000e+01 4.699824051931500782e-03
3.700000000000000000e+01 4.038976295851171364e-03
3.800000000000000000e+01 3.785340418107807810e-03
3.900000000000000000e+01 3.074755822308361357e-03
4.000000000000000000e+01 3.196768602356314572e-03
4.100000000000000000e+01 2.973093022592365915e-03
4.200000000000000000e+01 2.764504286460578442e-03
4.300000000000000000e+01 2.428765338845550840e-03
4.400000000000000000e+01 2.299137203954160127e-03
4.500000000000000000e+01 1.948189386166632219e-03
4.600000000000000000e+01 1.921741315163671884e-03
4.700000000000000000e+01 1.918005268089473334e-03
4.800000000000000000e+01 1.596823241561651143e-03
4.900000000000000000e+01 1.422593480674549851e-03
5.000000000000000000e+01 1.432676019612699834e-03
5.100000000000000000e+01 1.284990983549505472e-03
5.200000000000000000e+01 1.208000991027802229e-03
5.300000000000000000e+01 1.159199670655652837e-03
5.400000000000000000e+01 1.052983006229624196e-03
5.500000000000000000e+01 1.024138106731697874e-03
5.600000000000000000e+01 8.738619624637066884e-04
5.700000000000000000e+01 9.257475612685084343e-04
5.800000000000000000e+01 8.029397984500973983e-04
5.900000000000000000e+01 8.393780619371682839e-04
6.000000000000000000e+01 6.388017587596550801e-04
6.100000000000000000e+01 6.895671482197940566e-04
6.200000000000000000e+01 6.788027094444260001e-04
6.300000000000000000e+01 5.876365117728710391e-04
6.400000000000000000e+01 5.634292669128626368e-04
6.500000000000000000e+01 6.143870792584493973e-04
6.600000000000000000e+01 5.949799990048632459e-04
6.700000000000000000e+01 5.532575451070442796e-04
6.800000000000000000e+01 5.130444740643724365e-04
6.900000000000000000e+01 5.060496565420180776e-04
7.000000000000000000e+01 4.647912137443199754e-04
7.100000000000000000e+01 4.878488747635856054e-04
7.200000000000000000e+01 4.916762642096728303e-04
7.300000000000000000e+01 4.109146495466120433e-04
7.400000000000000000e+01 3.756314603378996036e-04
7.500000000000000000e+01 4.069671296747401248e-04
7.600000000000000000e+01 4.684355226345360279e-04
7.700000000000000000e+01 4.125359497265890458e-04
7.800000000000000000e+01 3.946134544094093361e-04
7.900000000000000000e+01 3.602862139814533510e-04
8.000000000000000000e+01 3.615937122958712171e-04
8.100000000000000000e+01 3.149721174850128808e-04
8.200000000000000000e+01 3.139284148346632502e-04
8.300000000000000000e+01 3.339102549944072962e-04
8.400000000000000000e+01 3.461982385488227118e-04
8.500000000000000000e+01 3.498445483273826648e-04
8.600000000000000000e+01 3.218163954443298389e-04
8.700000000000000000e+01 3.146725415717810176e-04
8.800000000000000000e+01 2.650286114658229053e-04
8.900000000000000000e+01 2.832435362506658056e-04
9.000000000000000000e+01 3.732140874490141977e-04
9.100000000000000000e+01 4.056964855408295881e-04
9.200000000000000000e+01 2.609329167171381414e-04
9.300000000000000000e+01 2.994800277519971241e-04
9.400000000000000000e+01 2.438110939692705978e-04
9.500000000000000000e+01 2.598307153675705303e-04
9.600000000000000000e+01 2.685452156583778452e-04
9.700000000000000000e+01 2.818336579366587102e-04
9.800000000000000000e+01 2.631655690493062030e-04
9.900000000000000000e+01 2.461098818457685519e-04
1.000000000000000000e+02 2.677742479136213552e-04
1.010000000000000000e+02 2.258507811347953975e-04
1.020000000000000000e+02 2.138906158506870161e-04
1.030000000000000000e+02 2.135526316124014502e-04
1.040000000000000000e+02 2.412891641142778044e-04
1.050000000000000000e+02 1.935659805894829387e-04
1.060000000000000000e+02 1.924214215250685865e-04
1.070000000000000000e+02 2.428725798381492441e-04
1.080000000000000000e+02 2.427441824693232666e-04
1.090000000000000000e+02 2.454471585224382688e-04
1.100000000000000000e+02 2.260842084069736302e-04
1.110000000000000000e+02 2.069121605018153841e-04
1.120000000000000000e+02 1.618257971131242757e-04
1.130000000000000000e+02 1.716669816232752109e-04
1.140000000000000000e+02 1.816865558794234056e-04
1.150000000000000000e+02 1.975164479517843466e-04
1.160000000000000000e+02 1.842970326833892668e-04
1.170000000000000000e+02 2.565874223364516876e-04
1.180000000000000000e+02 2.146174352674279308e-04
1.190000000000000000e+02 2.354351177928037887e-04
1.200000000000000000e+02 1.996309743844903951e-04
1.210000000000000000e+02 1.541530735266860683e-04
1.220000000000000000e+02 1.489148184191435630e-04
1.230000000000000000e+02 1.451271542464382892e-04
1.240000000000000000e+02 1.270850742002949227e-04
1.250000000000000000e+02 1.882204065623227453e-04
1.260000000000000000e+02 1.737600679916795235e-04
1.270000000000000000e+02 1.765177759807556759e-04
1.280000000000000000e+02 1.486625900724902803e-04
1.290000000000000000e+02 2.091907634167000760e-04
1.300000000000000000e+02 1.846922052209265422e-04
1.310000000000000000e+02 1.786222652299329584e-04
1.320000000000000000e+02 1.889203587779775153e-04
1.330000000000000000e+02 1.486622990341857130e-04
1.340000000000000000e+02 1.630253915209323114e-04
1.350000000000000000e+02 1.647454402700532119e-04
1.360000000000000000e+02 1.666420670517254675e-04
1.370000000000000000e+02 1.395485807734075825e-04
1.380000000000000000e+02 1.456056928873295019e-04
1.390000000000000000e+02 1.726930509903468137e-04
1.400000000000000000e+02 1.482028608734253902e-04
1.410000000000000000e+02 1.406322931870818084e-04
1.420000000000000000e+02 1.562410398037172854e-04
1.430000000000000000e+02 1.963317634363193173e-04
1.440000000000000000e+02 1.515595606178976487e-04
1.450000000000000000e+02 1.195931545225903392e-04
1.460000000000000000e+02 1.253946560609620119e-04
1.470000000000000000e+02 1.023013654048554572e-04
1.480000000000000000e+02 1.179895429231692160e-04
1.490000000000000000e+02 1.253493908734526594e-04
