0.000000000000000000e+00 -9.794063866138458252e-03
1.000000000000000000e+00 -1.176983192563057015e-02
2.000000000000000000e+00 -1.203346289694309269e-02
3.000000000000000000e+00 -1.306225284934043815e-02
4.000000000000000000e+00 -1.259495625272393296e-02
5.000000000000000000e+00 -1.295720823109149968e-02
6.000000000000000000e+00 -1.355341533198952710e-02
7.000000000000000000e+00 -1.327478969469666516e-02
8.000000000000000000e+00 -1.337737562134861877e-02
9.000000000000000000e+00 -1.405036114156246220e-02
1.000000000000000000e+01 -1.459370851516723563e-02
1.100000000000000000e+01 -1.367855640128254856e-02
1.200000000000000000e+01 -1.460382444784045185e-02
1.300000000000000000e+01 -1.448386292904615437e-02
1.400000000000000000e+01 -1.614868775010109003e-01
1.500000000000000000e+01 -1.511647198349237373e-02
1.600000000000000000e+01 -1.494068698957562447e-02
1.700000000000000000e+01 -1.507028974592685734e-02
1.800000000000000000e+01 -1.516427239403128624e-02
1.900000000000000000e+01 -1.515498999506235088e-02
2.000000000000000000e+01 -1.477648708969354560e-02
2.100000000000000000e+01 -1.570811904966831068e-02
2.200000000000000000e+01 -1.553676882758736610e-02
2.300000000000000000e+01 -1.530004357919096877e-02
2.400000000000000000e+01 -1.528422571718692814e-02
2.500000000000000000e+01 -1.502019409090280498e-02
2.600000000000000000e+01 -1.781738717108964989e-02
2.700000000000000000e+01 -1.466188877820968559e-02
2.800000000000000000e+01 -1.448312690481543506e-02
2.900000000000000000e+01 -1.559024816378951073e-02
3.000000000000000000e+01 -1.487247133627533913e-02
3.100000000000000000e+01 -1.524121630936861073e-02
3.200000000000000000e+01 -1.495783552527427639e-02
3.300000000000000000e+01 -1.455841483548283612e-02
3.400000000000000000e+01 -1.547192344442009995e-02
3.500000000000000000e+01 -1.504220189526677201e-02
3.600000000000000000e+01 -1.473708283156156471e-02
3.700000000000000000e+01 -1.473324242979288067e-02
3.800000000000000000e+01 -1.524495026096701553e-02
3.900000000000000000e+01 -1.486729923635721207e-02
4.000000000000000000e+01 -1.496782498434185912e-02
4.100000000000000000e+01 -1.512581864371895755e-02
4.200000000000000000e+01 -1.554741617292165756e-02
4.300000000000000000e+01 -1.530587943270802533e-02
4.400000000000000000e+01 -1.577063044533133507e-02
4.500000000000000000e+01 -1.517636682838201592e-02
4.600000000000000000e+01 -1.529097836464643478e-02
4.700000000000000000e+01 -1.502094399183988641e-02
4.800000000000000000e+01 -1.477473406121134793e-02
4.900000000000000000e+01 -1.483160080388188327e-02
5.000000000000000000e+01 -1.548866247758269241e-02
5.100000000000000000e+01 -1.454482292756438186e-02
5.200000000000000000e+01 -1.519055832177400658e-02
5.300000000000000000e+01 -1.569149894639849593e-02
5.400000000000000000e+01 -1.582608697935938835e-02
5.500000000000000000e+01 -1.554758613929152489e-02
5.600000000000000000e+01 -1.583786010742187569e-02
5.700000000000000000e+01 -1.538611762225627899e-02
5.800000000000000000e+01 -1.519606700167059829e-02
5.900000000000000000e+01 -1.515144836157560418e-02
6.000000000000000000e+01 -1.480141552165150677e-02
6.100000000000000000e+01 -1.489531565457582508e-02
6.200000000000000000e+01 -1.463433122262358665e-02
6.300000000000000000e+01 -1.503937318921089172e-02
6.400000000000000000e+01 -1.523279715329408680e-02
6.500000000000000000e+01 -1.434407653287053143e-02
6.600000000000000000e+01 -1.522928616032004356e-02
6.700000000000000000e+01 -3.001936273649334977e-02
6.800000000000000000e+01 -1.471265302971005474e-02
6.900000000000000000e+01 -1.533059701323509147e-02
7.000000000000000000e+01 -1.430455259978771244e-02
7.100000000000000000e+01 -1.476059826090931823e-02
7.200000000000000000e+01 -1.489887200295925140e-02
7.300000000000000000e+01 -1.426692660897970269e-02
7.400000000000000000e+01 -1.484752176329493488e-02
7.500000000000000000e+01 -1.474317219108343090e-02
7.600000000000000000e+01 -1.469733864068984916e-02
7.700000000000000000e+01 -1.514227576553821633e-02
7.800000000000000000e+01 -1.461316589266061818e-02
7.900000000000000000e+01 -1.616282993927598000e-02
8.000000000000000000e+01 -1.482565533369779517e-02
8.100000000000000000e+01 -1.438737949356436695e-02
8.200000000000000000e+01 -1.480429517105221783e-02
8.300000000000000000e+01 -1.484437165781855514e-02
8.400000000000000000e+01 -1.406739735975861584e-02
8.500000000000000000e+01 -1.509573981165885856e-02
8.600000000000000000e+01 -1.480201063677668606e-02
8.700000000000000000e+01 -1.462592901661992004e-02
8.800000000000000000e+01 -1.424547769129276206e-02
8.900000000000000000e+01 -1.474159779027104343e-02
9.000000000000000000e+01 -1.517579378560185432e-02
9.100000000000000000e+01 -1.472923932597041199e-02
9.200000000000000000e+01 -1.468411795794963802e-02
9.300000000000000000e+01 -1.472355695441365277e-02
9.400000000000000000e+01 -1.536629963666200603e-02
9.500000000000000000e+01 -1.474625123664736678e-02
9.600000000000000000e+01 -1.490638190880417754e-02
9.700000000000000000e+01 -1.450285678729414975e-02
9.800000000000000000e+01 -1.468832232058048248e-02
9.900000000000000000e+01 -1.515919249504804611e-02
1.000000000000000000e+02 -1.441767029464244808e-02
1.010000000000000000e+02 -1.380651127547025646e-02
1.020000000000000000e+02 -1.457989215850830078e-02
1.030000000000000000e+02 -1.509792031720280647e-02
1.040000000000000000e+02 -1.458490919321775436e-02
1.050000000000000000e+02 -1.468186974525451625e-02
1.060000000000000000e+02 -1.523280125111341546e-02
1.070000000000000000e+02 -1.506759887561202015e-02
1.080000000000000000e+02 -1.446055136620998452e-02
1.090000000000000000e+02 -1.502626817673444713e-02
1.100000000000000000e+02 -1.500229062512517010e-02
1.110000000000000000e+02 -1.492533860728144715e-02
1.120000000000000000e+02 -1.522954218089580571e-02
1.130000000000000000e+02 -1.404002765193581616e-02
1.140000000000000000e+02 -1.501860758289694751e-02
1.150000000000000000e+02 -1.419333238154649700e-02
1.160000000000000000e+02 -1.516140438616275787e-02
1.170000000000000000e+02 -1.514162374660372665e-02
1.180000000000000000e+02 -1.495938515290617943e-02
1.190000000000000000e+02 -1.447478448972105980e-02
1.200000000000000000e+02 -1.463106367737054825e-02
1.210000000000000000e+02 -1.434859512373804977e-02
1.220000000000000000e+02 -1.439907681196928024e-02
1.230000000000000000e+02 -1.491650594398379395e-02
1.240000000000000000e+02 -1.470581060275435482e-02
1.250000000000000000e+02 -1.540912147611379554e-02
1.260000000000000000e+02 -1.433143699541688035e-02
1.270000000000000000e+02 -1.504076095297932590e-02
1.280000000000000000e+02 -1.472895881161093677e-02
1.290000000000000000e+02 -1.477716853842139279e-02
1.300000000000000000e+02 -1.436167517676949570e-02
1.310000000000000000e+02 -1.507145995274186169e-02
1.320000000000000000e+02 -1.435889415442943504e-02
1.330000000000000000e+02 -1.475194105878472293e-02
1.340000000000000000e+02 -1.471548741683363984e-02
1.350000000000000000e+02 -1.428643343970179523e-02
1.360000000000000000e+02 -1.460309932008385658e-02
1.370000000000000000e+02 -1.453563580289483036e-02
1.380000000000000000e+02 -1.412859437987208297e-02
1.390000000000000000e+02 -1.491258814930915798e-02
1.400000000000000000e+02 -1.491388706490397523e-02
1.410000000000000000e+02 -1.426699319854378770e-02
1.420000000000000000e+02 -1.472193617373704876e-02
1.430000000000000000e+02 -1.450833808630704914e-02
1.440000000000000000e+02 -1.545234052464366029e-02
1.450000000000000000e+02 -1.491959653794765542e-02
1.460000000000000000e+02 -1.434533745050430367e-02
1.470000000000000000e+02 -1.463161986321210792e-02
1.480000000000000000e+02 -1.484943684190511738e-02
1.490000000000000000e+02 -1.507528806105256150e-02
