0.000000000000000000e+00 5.688590526580810103e-01
1.000000000000000000e+00 5.196379184722900169e-01
2.000000000000000000e+00 4.944438099861144797e-01
3.000000000000000000e+00 4.905062794685363659e-01
4.000000000000000000e+00 4.829898774623870850e-01
5.000000000000000000e+00 4.965307354927063210e-01
6.000000000000000000e+00 4.776776432991027832e-01
7.000000000000000000e+00 4.652385234832763783e-01
8.000000000000000000e+00 4.645738720893859974e-01
9.000000000000000000e+00 4.632527470588684304e-01
1.000000000000000000e+01 4.503268182277679332e-01
1.100000000000000000e+01 4.591615974903106578e-01
1.200000000000000000e+01 4.609843313694000355e-01
1.300000000000000000e+01 4.529312968254089466e-01
1.400000000000000000e+01 4.569390833377838246e-01
1.500000000000000000e+01 4.595409274101257546e-01
1.600000000000000000e+01 4.479988157749176247e-01
1.700000000000000000e+01 4.459439218044281006e-01
1.800000000000000000e+01 4.595572113990783469e-01
1.900000000000000000e+01 4.543603718280792014e-01
2.000000000000000000e+01 4.383542239665985107e-01
2.100000000000000000e+01 4.561052501201629528e-01
2.200000000000000000e+01 4.491428792476653831e-01
2.300000000000000000e+01 4.530439257621765026e-01
2.400000000000000000e+01 4.383392930030822754e-01
2.500000000000000000e+01 4.435651719570160023e-01
2.600000000000000000e+01 4.564627826213836781e-01
2.700000000000000000e+01 4.434753954410552979e-01
2.800000000000000000e+01 4.485171377658844216e-01
2.900000000000000000e+01 4.502055525779724010e-01
3.000000000000000000e+01 4.424089312553405873e-01
3.100000000000000000e+01 4.291609346866607777e-01
3.200000000000000000e+01 4.374518632888794167e-01
3.300000000000000000e+01 4.589934229850768932e-01
3.400000000000000000e+01 4.431566238403320535e-01
3.500000000000000000e+01 4.430616497993469238e-01
3.600000000000000000e+01 4.426486968994140514e-01
3.700000000000000000e+01 4.434345066547393799e-01
3.800000000000000000e+01 4.435458183288574219e-01
3.900000000000000000e+01 4.566910147666931041e-01
4.000000000000000000e+01 4.478084743022918701e-01
4.100000000000000000e+01 4.516805112361907959e-01
4.200000000000000000e+01 4.584558963775634544e-01
4.300000000000000000e+01 4.388450324535370095e-01
4.400000000000000000e+01 4.450024604797363503e-01
4.500000000000000000e+01 4.604485988616943137e-01
4.600000000000000000e+01 4.460545182228088379e-01
4.700000000000000000e+01 4.506328225135803334e-01
4.800000000000000000e+01 4.425903677940368763e-01
4.900000000000000000e+01 4.320969879627227783e-01
5.000000000000000000e+01 4.490512609481811523e-01
5.100000000000000000e+01 4.572949469089507835e-01
5.200000000000000000e+01 4.420946896076202171e-01
5.300000000000000000e+01 4.467637836933135986e-01
5.400000000000000000e+01 4.383897662162780651e-01
5.500000000000000000e+01 4.319102346897125133e-01
5.600000000000000000e+01 4.406658887863159069e-01
5.700000000000000000e+01 4.387323915958404319e-01
5.800000000000000000e+01 4.512610256671905629e-01
5.900000000000000000e+01 4.454973220825195201e-01
6.000000000000000000e+01 4.487219929695129284e-01
6.100000000000000000e+01 4.513552844524383323e-01
6.200000000000000000e+01 4.454254508018493652e-01
6.300000000000000000e+01 4.470813333988189475e-01
6.400000000000000000e+01 4.380086243152618297e-01
6.500000000000000000e+01 4.343928992748260498e-01
6.600000000000000000e+01 4.230739593505859486e-01
6.700000000000000000e+01 4.299379587173461914e-01
6.800000000000000000e+01 4.252570509910583718e-01
6.900000000000000000e+01 4.347005844116210715e-01
7.000000000000000000e+01 4.235317826271057240e-01
7.100000000000000000e+01 4.260620892047882191e-01
7.200000000000000000e+01 4.188786804676055686e-01
7.300000000000000000e+01 4.266011953353882058e-01
7.400000000000000000e+01 4.199021279811859242e-01
7.500000000000000000e+01 4.248494923114776722e-01
7.600000000000000000e+01 4.097573995590210183e-01
7.700000000000000000e+01 4.298696160316467507e-01
7.800000000000000000e+01 4.205545127391815408e-01
7.900000000000000000e+01 4.368734240531921276e-01
8.000000000000000000e+01 4.337962448596954235e-01
8.100000000000000000e+01 4.237414240837097390e-01
8.200000000000000000e+01 4.137694358825683705e-01
8.300000000000000000e+01 4.026421725749969593e-01
8.400000000000000000e+01 4.065129518508910911e-01
8.500000000000000000e+01 4.108912527561187633e-01
8.600000000000000000e+01 4.088219225406646840e-01
8.700000000000000000e+01 4.131655931472778542e-01
8.800000000000000000e+01 4.276740670204162709e-01
8.900000000000000000e+01 4.038521826267242321e-01
9.000000000000000000e+01 3.966266930103302113e-01
9.100000000000000000e+01 4.122171521186828724e-01
9.200000000000000000e+01 4.174390435218811035e-01
9.300000000000000000e+01 4.080955743789672630e-01
9.400000000000000000e+01 4.064980626106262096e-01
9.500000000000000000e+01 4.006543874740600697e-01
9.600000000000000000e+01 4.086243748664856179e-01
9.700000000000000000e+01 3.819847643375396951e-01
9.800000000000000000e+01 4.253554522991180309e-01
9.900000000000000000e+01 4.115212142467498668e-01
1.000000000000000000e+02 4.426952421665191761e-01
1.010000000000000000e+02 4.222012341022491344e-01
1.020000000000000000e+02 4.342234671115875466e-01
1.030000000000000000e+02 4.129746198654175027e-01
1.040000000000000000e+02 4.277913928031921165e-01
1.050000000000000000e+02 4.188691854476928600e-01
1.060000000000000000e+02 4.342804729938506969e-01
1.070000000000000000e+02 4.113233447074889915e-01
1.080000000000000000e+02 4.343499958515167347e-01
1.090000000000000000e+02 4.117043793201446422e-01
1.100000000000000000e+02 4.154448032379150502e-01
1.110000000000000000e+02 4.217089474201202171e-01
1.120000000000000000e+02 4.234411954879760964e-01
1.130000000000000000e+02 4.089156806468963734e-01
1.140000000000000000e+02 4.234767079353332631e-01
1.150000000000000000e+02 4.181110620498657005e-01
1.160000000000000000e+02 4.272113680839538796e-01
1.170000000000000000e+02 4.271969914436340443e-01
1.180000000000000000e+02 4.198640346527099387e-01
1.190000000000000000e+02 4.217974901199340598e-01
1.200000000000000000e+02 4.429267764091491810e-01
1.210000000000000000e+02 4.247832179069518932e-01
1.220000000000000000e+02 4.323321878910064697e-01
1.230000000000000000e+02 4.356848299503326416e-01
1.240000000000000000e+02 4.311158061027526855e-01
1.250000000000000000e+02 4.297787368297577015e-01
1.260000000000000000e+02 4.392535150051116721e-01
1.270000000000000000e+02 4.377177536487579235e-01
1.280000000000000000e+02 4.275569736957550160e-01
1.290000000000000000e+02 4.396998465061187633e-01
1.300000000000000000e+02 4.510088503360748513e-01
1.310000000000000000e+02 4.414976298809051292e-01
1.320000000000000000e+02 4.562842130661010631e-01
1.330000000000000000e+02 4.517850279808044434e-01
1.340000000000000000e+02 4.398977100849151833e-01
1.350000000000000000e+02 4.461727142333984375e-01
1.360000000000000000e+02 4.456603050231933705e-01
1.370000000000000000e+02 4.511815547943115456e-01
1.380000000000000000e+02 4.366338491439819558e-01
1.390000000000000000e+02 4.570145666599273460e-01
1.400000000000000000e+02 4.444460153579711803e-01
1.410000000000000000e+02 4.497250258922577126e-01
1.420000000000000000e+02 4.686502814292907715e-01
1.430000000000000000e+02 4.581017732620239480e-01
1.440000000000000000e+02 4.471069753170013317e-01
1.450000000000000000e+02 4.594515979290008656e-01
1.460000000000000000e+02 4.608137309551239014e-01
1.470000000000000000e+02 4.616582691669464111e-01
1.480000000000000000e+02 4.668082833290100320e-01
1.490000000000000000e+02 4.683676004409790261e-01
