0.000000000000000000e+00 5.591621756553649680e-01
1.000000000000000000e+00 5.130922436714172585e-01
2.000000000000000000e+00 5.030768752098083718e-01
3.000000000000000000e+00 5.013250231742858443e-01
4.000000000000000000e+00 5.007651567459106001e-01
5.000000000000000000e+00 5.001822292804718462e-01
6.000000000000000000e+00 4.997895896434784158e-01
7.000000000000000000e+00 4.990929245948791393e-01
8.000000000000000000e+00 4.968187570571899192e-01
9.000000000000000000e+00 4.958576321601867454e-01
1.000000000000000000e+01 4.852439880371093861e-01
1.100000000000000000e+01 4.831996381282806508e-01
1.200000000000000000e+01 4.755765974521636852e-01
1.300000000000000000e+01 4.580399036407470925e-01
1.400000000000000000e+01 4.662441492080688366e-01
1.500000000000000000e+01 4.553631901741027610e-01
1.600000000000000000e+01 4.293132841587066761e-01
1.700000000000000000e+01 3.873481035232543834e-01
1.800000000000000000e+01 4.155241012573241965e-01
1.900000000000000000e+01 4.080026268959045521e-01
2.000000000000000000e+01 3.959418594837188499e-01
2.100000000000000000e+01 3.902777194976806419e-01
2.200000000000000000e+01 3.345359981060028187e-01
2.300000000000000000e+01 4.001902341842651367e-01
2.400000000000000000e+01 3.174963116645813099e-01
2.500000000000000000e+01 3.259855151176452859e-01
2.600000000000000000e+01 3.419909477233886719e-01
2.700000000000000000e+01 3.018005073070526012e-01
2.800000000000000000e+01 3.568217575550079457e-01
2.900000000000000000e+01 2.873132944107055775e-01
3.000000000000000000e+01 3.786668002605438343e-01
3.100000000000000000e+01 3.029345631599426047e-01
3.200000000000000000e+01 3.168498188257217185e-01
3.300000000000000000e+01 2.750587582588195912e-01
3.400000000000000000e+01 2.830441772937774547e-01
3.500000000000000000e+01 3.139928996562957875e-01
3.600000000000000000e+01 2.847361147403716930e-01
3.700000000000000000e+01 3.191102623939514049e-01
3.800000000000000000e+01 3.286566793918609397e-01
3.900000000000000000e+01 2.796645969152450339e-01
4.000000000000000000e+01 2.627426713705062755e-01
4.100000000000000000e+01 3.281967043876647949e-01
4.200000000000000000e+01 2.502796590328216775e-01
4.300000000000000000e+01 3.270545601844787598e-01
4.400000000000000000e+01 3.230403900146484597e-01
4.500000000000000000e+01 2.674622178077697976e-01
4.600000000000000000e+01 2.480789303779601940e-01
4.700000000000000000e+01 2.754380881786346325e-01
4.800000000000000000e+01 2.655754327774048074e-01
4.900000000000000000e+01 2.778578579425811657e-01
5.000000000000000000e+01 2.612622737884521262e-01
5.100000000000000000e+01 2.523492693901062123e-01
5.200000000000000000e+01 2.483266830444335882e-01
5.300000000000000000e+01 2.720330268144607322e-01
5.400000000000000000e+01 2.566530048847198708e-01
5.500000000000000000e+01 2.890814602375030296e-01
5.600000000000000000e+01 2.751796752214431541e-01
5.700000000000000000e+01 2.260373413562774547e-01
5.800000000000000000e+01 2.350807666778564342e-01
5.900000000000000000e+01 2.616238951683044212e-01
6.000000000000000000e+01 2.204438954591751154e-01
6.100000000000000000e+01 2.349220484495163075e-01
6.200000000000000000e+01 2.339591503143310658e-01
6.300000000000000000e+01 2.607313632965088113e-01
6.400000000000000000e+01 2.194791018962859996e-01
6.500000000000000000e+01 2.070322871208190862e-01
6.600000000000000000e+01 2.539057254791259877e-01
6.700000000000000000e+01 2.505703628063201682e-01
6.800000000000000000e+01 2.769878029823303334e-01
6.900000000000000000e+01 2.592150926589965598e-01
7.000000000000000000e+01 1.856189221143722534e-01
7.100000000000000000e+01 2.164923101663589478e-01
7.200000000000000000e+01 2.193385899066924993e-01
7.300000000000000000e+01 2.285832330584526007e-01
7.400000000000000000e+01 2.211754024028778076e-01
7.500000000000000000e+01 2.343049064278602545e-01
7.600000000000000000e+01 3.046165347099304421e-01
7.700000000000000000e+01 1.882425829768180903e-01
7.800000000000000000e+01 2.319170862436294445e-01
7.900000000000000000e+01 1.629251927137374822e-01
8.000000000000000000e+01 1.730983585119247326e-01
8.100000000000000000e+01 2.023903220891952459e-01
8.200000000000000000e+01 2.002335280179977361e-01
8.300000000000000000e+01 2.445290327072143499e-01
8.400000000000000000e+01 2.090049803256988636e-01
8.500000000000000000e+01 2.005235135555267223e-01
8.600000000000000000e+01 2.264147102832794189e-01
8.700000000000000000e+01 1.800375282764434814e-01
8.800000000000000000e+01 1.836439654231071528e-01
8.900000000000000000e+01 1.338195532560348400e-01
9.000000000000000000e+01 2.203646272420883290e-01
9.100000000000000000e+01 2.003558143973350469e-01
9.200000000000000000e+01 1.816402480006217846e-01
9.300000000000000000e+01 2.562754690647125466e-01
9.400000000000000000e+01 1.931809306144714466e-01
9.500000000000000000e+01 2.278281897306442261e-01
9.600000000000000000e+01 1.334550127387046925e-01
9.700000000000000000e+01 1.911614507436752430e-01
9.800000000000000000e+01 1.929074555635452159e-01
9.900000000000000000e+01 2.086450755596160889e-01
