0.000000000000000000e+00 5.109804809093475564e-01
1.000000000000000000e+00 5.122569739818573220e-01
2.000000000000000000e+00 5.060883909463882446e-01
3.000000000000000000e+00 5.006816208362578902e-01
4.000000000000000000e+00 4.997356116771697887e-01
5.000000000000000000e+00 4.998655378818511741e-01
6.000000000000000000e+00 4.972660183906555398e-01
7.000000000000000000e+00 4.924899339675903320e-01
8.000000000000000000e+00 4.992678850889206155e-01
9.000000000000000000e+00 4.931745052337646595e-01
1.000000000000000000e+01 4.828146457672118919e-01
1.100000000000000000e+01 4.920172572135925182e-01
1.200000000000000000e+01 4.842532575130462646e-01
1.300000000000000000e+01 5.139758318662643877e-01
1.400000000000000000e+01 4.928940325975418313e-01
1.500000000000000000e+01 4.793661326169967873e-01
1.600000000000000000e+01 4.855591922998428456e-01
1.700000000000000000e+01 4.773845553398132213e-01
1.800000000000000000e+01 4.805336117744445912e-01
1.900000000000000000e+01 5.096973031759262085e-01
2.000000000000000000e+01 4.795864492654800526e-01
2.100000000000000000e+01 4.826443374156951793e-01
2.200000000000000000e+01 5.014637380838393721e-01
2.300000000000000000e+01 4.827002555131912342e-01
2.400000000000000000e+01 4.683774441480636486e-01
2.500000000000000000e+01 4.791671812534332164e-01
2.600000000000000000e+01 4.724673777818679810e-01
2.700000000000000000e+01 4.717179685831069946e-01
2.800000000000000000e+01 4.679273515939712524e-01
2.900000000000000000e+01 4.564328700304031150e-01
3.000000000000000000e+01 4.833941966295242088e-01
3.100000000000000000e+01 4.801875174045562855e-01
3.200000000000000000e+01 4.762308567762374989e-01
3.300000000000000000e+01 4.658484458923339844e-01
3.400000000000000000e+01 4.695497632026672252e-01
3.500000000000000000e+01 4.675447434186935647e-01
3.600000000000000000e+01 4.701991647481918446e-01
3.700000000000000000e+01 4.941392481327057107e-01
3.800000000000000000e+01 4.694774895906448364e-01
3.900000000000000000e+01 4.702744156122207753e-01
4.000000000000000000e+01 4.682611614465713723e-01
4.100000000000000000e+01 4.673474401235580555e-01
4.200000000000000000e+01 4.702470868825912587e-01
4.300000000000000000e+01 4.726546287536620983e-01
4.400000000000000000e+01 4.594992756843566672e-01
4.500000000000000000e+01 4.766436427831649558e-01
4.600000000000000000e+01 4.688894659280776755e-01
4.700000000000000000e+01 4.479203164577484353e-01
4.800000000000000000e+01 4.648782879114151112e-01
4.900000000000000000e+01 4.520629763603210560e-01
5.000000000000000000e+01 4.787956893444061390e-01
5.100000000000000000e+01 4.568904012441635243e-01
5.200000000000000000e+01 4.561677306890487560e-01
5.300000000000000000e+01 4.634233415126800537e-01
5.400000000000000000e+01 4.436574429273605347e-01
5.500000000000000000e+01 4.571060150861739890e-01
5.600000000000000000e+01 4.749608218669891246e-01
5.700000000000000000e+01 4.779897123575210793e-01
5.800000000000000000e+01 4.743541240692138450e-01
5.900000000000000000e+01 4.604432374238968118e-01
6.000000000000000000e+01 4.656453996896743885e-01
6.100000000000000000e+01 4.749825239181518777e-01
6.200000000000000000e+01 4.653725951910018810e-01
6.300000000000000000e+01 4.695403635501861350e-01
6.400000000000000000e+01 4.661812514066696056e-01
6.500000000000000000e+01 4.671278804540633933e-01
6.600000000000000000e+01 4.696055561304092185e-01
6.700000000000000000e+01 4.663723111152648926e-01
6.800000000000000000e+01 4.614457786083221436e-01
6.900000000000000000e+01 4.560759782791137806e-01
7.000000000000000000e+01 4.529191911220550315e-01
7.100000000000000000e+01 4.605550736188888661e-01
7.200000000000000000e+01 4.546805471181869507e-01
7.300000000000000000e+01 4.491954743862152100e-01
7.400000000000000000e+01 4.634474098682403453e-01
7.500000000000000000e+01 4.682169377803802601e-01
7.600000000000000000e+01 4.289678305387497059e-01
7.700000000000000000e+01 4.559074223041534313e-01
7.800000000000000000e+01 4.510950863361358754e-01
7.900000000000000000e+01 4.781355530023574940e-01
8.000000000000000000e+01 4.649910449981689564e-01
8.100000000000000000e+01 4.551036715507507102e-01
8.200000000000000000e+01 4.441228330135345570e-01
8.300000000000000000e+01 4.581193923950195312e-01
8.400000000000000000e+01 4.668378859758376964e-01
8.500000000000000000e+01 4.498587578535079845e-01
8.600000000000000000e+01 4.684502899646759144e-01
8.700000000000000000e+01 4.632262378931045754e-01
8.800000000000000000e+01 4.521704941987991222e-01
8.900000000000000000e+01 4.465016275644302368e-01
9.000000000000000000e+01 4.275476366281509288e-01
9.100000000000000000e+01 4.349605649709701316e-01
9.200000000000000000e+01 4.668558746576308982e-01
9.300000000000000000e+01 4.419627726078033669e-01
9.400000000000000000e+01 4.474819064140319602e-01
9.500000000000000000e+01 4.490411072969436868e-01
9.600000000000000000e+01 4.601843178272247425e-01
9.700000000000000000e+01 4.496748775243759044e-01
9.800000000000000000e+01 4.618748873472213745e-01
9.900000000000000000e+01 4.343004941940307728e-01
