0.000000000000000000e+00 2.989120097656250073e+04
1.000000000000000000e+00 1.952242353515624927e+04
2.000000000000000000e+00 1.536663076171875036e+04
3.000000000000000000e+00 1.346590166015625073e+04
4.000000000000000000e+00 1.296107861328125000e+04
5.000000000000000000e+00 1.207734941406250073e+04
6.000000000000000000e+00 1.156632636718749927e+04
7.000000000000000000e+00 1.150994941406249927e+04
8.000000000000000000e+00 1.118146269531250073e+04
9.000000000000000000e+00 1.202985263671874964e+04
1.000000000000000000e+01 1.109819931640624964e+04
1.100000000000000000e+01 1.102506650390624964e+04
1.200000000000000000e+01 1.157475537109375000e+04
1.300000000000000000e+01 1.196686689453124927e+04
1.400000000000000000e+01 1.104490478515625000e+04
1.500000000000000000e+01 1.110507207031250073e+04
1.600000000000000000e+01 1.051988964843750000e+04
1.700000000000000000e+01 1.110135585937500036e+04
1.800000000000000000e+01 1.009663022460937464e+04
1.900000000000000000e+01 9.783115917968749272e+03
2.000000000000000000e+01 9.623739013671875000e+03
2.100000000000000000e+01 9.513375000000000000e+03
2.200000000000000000e+01 8.911619433593750728e+03
2.300000000000000000e+01 8.794655078125000728e+03
2.400000000000000000e+01 8.478235009765625364e+03
2.500000000000000000e+01 8.021836132812500182e+03
2.600000000000000000e+01 8.972237499999999272e+03
2.700000000000000000e+01 8.556434960937500364e+03
2.800000000000000000e+01 7.785680078125000364e+03
2.900000000000000000e+01 7.861391308593750182e+03
3.000000000000000000e+01 7.066569287109375182e+03
3.100000000000000000e+01 7.431494580078125182e+03
3.200000000000000000e+01 6.187835180664062136e+03
3.300000000000000000e+01 7.090004443359374818e+03
3.400000000000000000e+01 6.643600292968750182e+03
3.500000000000000000e+01 6.133438085937499636e+03
3.600000000000000000e+01 6.272306884765625000e+03
3.700000000000000000e+01 6.098885009765625000e+03
3.800000000000000000e+01 5.764289965820312318e+03
3.900000000000000000e+01 6.543005834960937136e+03
4.000000000000000000e+01 6.220840502929687318e+03
4.100000000000000000e+01 6.506160913085937864e+03
4.200000000000000000e+01 6.286615942382812136e+03
4.300000000000000000e+01 6.171931933593749818e+03
4.400000000000000000e+01 6.161275048828125364e+03
4.500000000000000000e+01 5.285066967773437682e+03
4.600000000000000000e+01 4.855718286132812864e+03
4.700000000000000000e+01 5.978600830078125000e+03
4.800000000000000000e+01 5.410985400390624818e+03
4.900000000000000000e+01 4.873894750976562136e+03
5.000000000000000000e+01 5.663212158203125000e+03
5.100000000000000000e+01 4.920058422851562682e+03
5.200000000000000000e+01 4.805819189453124636e+03
5.300000000000000000e+01 4.912019580078124818e+03
5.400000000000000000e+01 4.570850659179687682e+03
5.500000000000000000e+01 4.986585668945312136e+03
5.600000000000000000e+01 4.381730859375000364e+03
5.700000000000000000e+01 4.528319213867187500e+03
5.800000000000000000e+01 4.075488110351562682e+03
5.900000000000000000e+01 4.125451904296875000e+03
6.000000000000000000e+01 4.254704101562500000e+03
6.100000000000000000e+01 4.513985009765625364e+03
6.200000000000000000e+01 4.556602343749999818e+03
6.300000000000000000e+01 4.306141235351562500e+03
6.400000000000000000e+01 3.759292041015624818e+03
6.500000000000000000e+01 4.386091210937500364e+03
6.600000000000000000e+01 3.842172509765624909e+03
6.700000000000000000e+01 4.150852099609374818e+03
6.800000000000000000e+01 3.596016357421875000e+03
6.900000000000000000e+01 3.830225146484374818e+03
7.000000000000000000e+01 3.627123852539062682e+03
7.100000000000000000e+01 3.850366186523437591e+03
7.200000000000000000e+01 3.983941943359374818e+03
7.300000000000000000e+01 4.257084619140625364e+03
7.400000000000000000e+01 4.053705468749999909e+03
7.500000000000000000e+01 3.446921337890625182e+03
7.600000000000000000e+01 4.345714892578124818e+03
7.700000000000000000e+01 4.016411669921874818e+03
7.800000000000000000e+01 3.442107006835937682e+03
7.900000000000000000e+01 3.464434106445312409e+03
8.000000000000000000e+01 2.835212158203125000e+03
8.100000000000000000e+01 2.857522119140624909e+03
8.200000000000000000e+01 3.239060791015625000e+03
8.300000000000000000e+01 3.209994580078125182e+03
8.400000000000000000e+01 3.577508227539062318e+03
8.500000000000000000e+01 3.681138354492187318e+03
8.600000000000000000e+01 3.709220434570312591e+03
8.700000000000000000e+01 4.310823901367187318e+03
8.800000000000000000e+01 3.534540307617187409e+03
8.900000000000000000e+01 3.546257739257812318e+03
9.000000000000000000e+01 4.096342456054687318e+03
9.100000000000000000e+01 3.943484838867187591e+03
9.200000000000000000e+01 2.872085095214843932e+03
9.300000000000000000e+01 3.749156225585937591e+03
9.400000000000000000e+01 3.060923852539062409e+03
9.500000000000000000e+01 3.105965332031250000e+03
9.600000000000000000e+01 3.424474072265625182e+03
9.700000000000000000e+01 3.275051062011718841e+03
9.800000000000000000e+01 3.120686279296875000e+03
9.900000000000000000e+01 3.469113745117187591e+03
