0.000000000000000000e+00 -9.070031568408012945e-02
1.000000000000000000e+00 -2.045673914253711700e-01
2.000000000000000000e+00 -1.293183617293834631e-01
3.000000000000000000e+00 -9.483809918165206354e-02
4.000000000000000000e+00 -1.606406606733798981e-01
5.000000000000000000e+00 -2.996871501207351574e-01
6.000000000000000000e+00 -9.113023206591605585e-02
7.000000000000000000e+00 -1.345259152352809850e-01
8.000000000000000000e+00 -9.766869395971297663e-02
9.000000000000000000e+00 -2.151292115449905396e-01
1.000000000000000000e+01 -1.990389883518219050e-01
1.100000000000000000e+01 -1.363258779048919789e-01
1.200000000000000000e+01 -1.250212676823139191e-01
1.300000000000000000e+01 -1.168320551514625549e-01
1.400000000000000000e+01 -6.022401198744773421e-01
1.500000000000000000e+01 -1.215975806117057800e-01
1.600000000000000000e+01 -2.847620442509651295e-01
1.700000000000000000e+01 -2.715833641588688008e-01
1.800000000000000000e+01 -1.226890601217746762e-01
1.900000000000000000e+01 -1.711865246295928844e-01
2.000000000000000000e+01 -1.676910281181335505e-01
2.100000000000000000e+01 -2.433653861284255926e-01
2.200000000000000000e+01 -2.478909015655517689e-01
2.300000000000000000e+01 -1.244365565478801755e-01
2.400000000000000000e+01 -1.168884731829166468e-01
2.500000000000000000e+01 -1.528020367026328985e-01
2.600000000000000000e+01 -2.792711652815341727e-01
2.700000000000000000e+01 -5.773509532213211282e-01
2.800000000000000000e+01 -2.402733512222766932e-01
2.900000000000000000e+01 -3.008200354874134286e-01
3.000000000000000000e+01 -1.279997631907462963e-01
3.100000000000000000e+01 -1.777101211249828283e-01
3.200000000000000000e+01 -1.529845282435417231e-01
3.300000000000000000e+01 -1.069392099976539667e-01
3.400000000000000000e+01 -1.117794461548328455e-01
3.500000000000000000e+01 -1.711678013205528148e-01
3.600000000000000000e+01 -1.651088193058967701e-01
3.700000000000000000e+01 -1.708151608705520685e-01
3.800000000000000000e+01 -1.572029501199722346e-01
3.900000000000000000e+01 -2.721391700208187214e-01
4.000000000000000000e+01 -3.850941188633442147e-01
4.100000000000000000e+01 -1.674309462308883611e-01
4.200000000000000000e+01 -2.033981509506702368e-01
4.300000000000000000e+01 -2.300434894859790802e-01
4.400000000000000000e+01 -1.687053255736827850e-01
4.500000000000000000e+01 -1.233947508037090274e-01
4.600000000000000000e+01 -2.341755367815494537e-01
4.700000000000000000e+01 -1.751243874430656322e-01
4.800000000000000000e+01 -1.458764329552650341e-01
4.900000000000000000e+01 -5.266221597790717857e-01
5.000000000000000000e+01 -3.103397041559219360e-01
5.100000000000000000e+01 -2.058022864162921961e-01
5.200000000000000000e+01 -1.721578598022460993e-01
5.300000000000000000e+01 -2.522528499364852794e-01
5.400000000000000000e+01 -1.074945323169231443e-01
5.500000000000000000e+01 -1.319533020257949718e-01
5.600000000000000000e+01 -2.415128432214260212e-01
5.700000000000000000e+01 -3.057437434792518727e-01
5.800000000000000000e+01 -3.781303241848945618e-01
5.900000000000000000e+01 -1.235781311988830566e-01
6.000000000000000000e+01 -1.098404794931411715e-01
6.100000000000000000e+01 -1.468405619263649098e-01
6.200000000000000000e+01 -4.286382853984832542e-01
6.300000000000000000e+01 -2.410574369132518768e-01
6.400000000000000000e+01 -1.127671390771865789e-01
6.500000000000000000e+01 -2.955828130245208851e-01
6.600000000000000000e+01 -1.400282450020313152e-01
6.700000000000000000e+01 -1.620268456637859456e-01
6.800000000000000000e+01 -5.122449569404124992e-01
6.900000000000000000e+01 -3.500272676348686329e-01
7.000000000000000000e+01 -1.480649858713150024e-01
7.100000000000000000e+01 -1.707517363131046406e-01
7.200000000000000000e+01 -1.434507824480533711e-01
7.300000000000000000e+01 -2.401185020804405268e-01
7.400000000000000000e+01 -5.114966906607151254e-01
7.500000000000000000e+01 -2.225851520895957836e-01
7.600000000000000000e+01 -4.090857267379760520e-01
7.700000000000000000e+01 -1.109763413667678861e-01
7.800000000000000000e+01 -3.009673766791820526e-01
7.900000000000000000e+01 -1.417210012674331721e-01
8.000000000000000000e+01 -2.874271899461746105e-01
8.100000000000000000e+01 -1.540815085172653198e-01
8.200000000000000000e+01 -1.716450005769729614e-01
8.300000000000000000e+01 -2.123733401298522894e-01
8.400000000000000000e+01 -2.834227994084358437e-01
8.500000000000000000e+01 -1.941048860549926813e-01
8.600000000000000000e+01 -1.804281592369079701e-01
8.700000000000000000e+01 -5.116370372474193795e-01
8.800000000000000000e+01 -1.476890027523040660e-01
8.900000000000000000e+01 -1.491585820913314819e-01
9.000000000000000000e+01 -3.022521317005157360e-01
9.100000000000000000e+01 -1.654850006103515681e-01
9.200000000000000000e+01 -1.279607243835926000e-01
9.300000000000000000e+01 -1.392795361578464397e-01
9.400000000000000000e+01 -1.518274210393428802e-01
9.500000000000000000e+01 -4.065721035003662109e-01
9.600000000000000000e+01 -3.077533461153507122e-01
9.700000000000000000e+01 -2.068307280540466198e-01
9.800000000000000000e+01 -3.314102917909622081e-01
9.900000000000000000e+01 -4.778881877660751121e-01
1.000000000000000000e+02 -3.143895283341407998e-01
1.010000000000000000e+02 -2.564794719219207764e-01
1.020000000000000000e+02 -1.486901707947254070e-01
1.030000000000000000e+02 -4.607825942337512859e-01
1.040000000000000000e+02 -2.352541647851467133e-01
1.050000000000000000e+02 -1.148420147597789820e-01
1.060000000000000000e+02 -3.164134919643402100e-01
1.070000000000000000e+02 -1.109827578067779513e-01
1.080000000000000000e+02 -1.176929332315921756e-01
1.090000000000000000e+02 -2.697390288114547841e-01
1.100000000000000000e+02 -1.953753873705864064e-01
1.110000000000000000e+02 -4.219544440507888572e-01
1.120000000000000000e+02 -1.138683810830116300e-01
1.130000000000000000e+02 -3.708193674683570862e-01
1.140000000000000000e+02 -3.617582611739635357e-01
1.150000000000000000e+02 -3.840923748910426982e-01
1.160000000000000000e+02 -5.258886851370334625e-01
1.170000000000000000e+02 -3.077641077339648978e-01
1.180000000000000000e+02 -2.106474444270133861e-01
1.190000000000000000e+02 -1.082778200507164001e-01
1.200000000000000000e+02 -1.457436233758926392e-01
1.210000000000000000e+02 -7.430687010288238303e-01
1.220000000000000000e+02 -1.573305793106555828e-01
1.230000000000000000e+02 -3.771933674812316672e-01
1.240000000000000000e+02 -4.086054407060146221e-01
1.250000000000000000e+02 -1.731711708009243122e-01
1.260000000000000000e+02 -2.077752090990543365e-01
1.270000000000000000e+02 -1.203875809907913180e-01
1.280000000000000000e+02 -2.594838239252567069e-01
1.290000000000000000e+02 -4.816417567431926505e-01
1.300000000000000000e+02 -1.105191677808761569e-01
1.310000000000000000e+02 -3.789452999830246194e-01
1.320000000000000000e+02 -3.380856446921825520e-01
1.330000000000000000e+02 -1.321381323039531597e-01
1.340000000000000000e+02 -3.171573236584663280e-01
1.350000000000000000e+02 -6.894706957042217033e-01
1.360000000000000000e+02 -2.587816342711448669e-01
1.370000000000000000e+02 -2.480526506900787298e-01
1.380000000000000000e+02 -1.939629077911377009e-01
1.390000000000000000e+02 -1.748298034071922302e-01
1.400000000000000000e+02 -6.729244507849216905e-01
1.410000000000000000e+02 -2.418261110782623236e-01
1.420000000000000000e+02 -2.544889114797115326e-01
1.430000000000000000e+02 -3.436890266835689323e-01
1.440000000000000000e+02 -1.168833814561367063e-01
1.450000000000000000e+02 -2.169517494738101848e-01
1.460000000000000000e+02 -2.129679538309574016e-01
1.470000000000000000e+02 -1.868597023189067785e-01
1.480000000000000000e+02 -3.597485557198524253e-01
1.490000000000000000e+02 -2.524657294154167286e-01
