0.000000000000000000e+00 5.688058972358703835e-01
1.000000000000000000e+00 5.196839928627013938e-01
2.000000000000000000e+00 4.948070645332336426e-01
3.000000000000000000e+00 4.908192873001098744e-01
4.000000000000000000e+00 4.825845301151275857e-01
5.000000000000000000e+00 4.972498178482055442e-01
6.000000000000000000e+00 4.761066555976867787e-01
7.000000000000000000e+00 4.673647165298461803e-01
8.000000000000000000e+00 4.692041873931884766e-01
9.000000000000000000e+00 4.639142811298370139e-01
1.000000000000000000e+01 4.501258730888366699e-01
1.100000000000000000e+01 4.545142889022827370e-01
1.200000000000000000e+01 4.565422177314758523e-01
1.300000000000000000e+01 4.486160159111022838e-01
1.400000000000000000e+01 4.520392417907714844e-01
1.500000000000000000e+01 4.563149511814117432e-01
1.600000000000000000e+01 4.424704909324645996e-01
1.700000000000000000e+01 4.378499627113342507e-01
1.800000000000000000e+01 4.528153479099273904e-01
1.900000000000000000e+01 4.497348964214324951e-01
2.000000000000000000e+01 4.285607516765594371e-01
2.100000000000000000e+01 4.571528196334838645e-01
2.200000000000000000e+01 4.376760721206665039e-01
2.300000000000000000e+01 4.493464767932892068e-01
2.400000000000000000e+01 4.277103364467620961e-01
2.500000000000000000e+01 4.356788814067840687e-01
2.600000000000000000e+01 4.504931151866912731e-01
2.700000000000000000e+01 4.329478979110717995e-01
2.800000000000000000e+01 4.357242047786712424e-01
2.900000000000000000e+01 4.355999469757080300e-01
3.000000000000000000e+01 4.318511307239532582e-01
3.100000000000000000e+01 4.260513901710510365e-01
3.200000000000000000e+01 4.277380049228668435e-01
3.300000000000000000e+01 4.420562684535980225e-01
3.400000000000000000e+01 4.340772151947021595e-01
3.500000000000000000e+01 4.311629652976989857e-01
3.600000000000000000e+01 4.317983388900756836e-01
3.700000000000000000e+01 4.377860009670257457e-01
3.800000000000000000e+01 4.255057036876678245e-01
3.900000000000000000e+01 4.316305100917816051e-01
4.000000000000000000e+01 4.283960342407226451e-01
4.100000000000000000e+01 4.316803395748138317e-01
4.200000000000000000e+01 4.326934516429901123e-01
4.300000000000000000e+01 4.094734907150268666e-01
4.400000000000000000e+01 4.343029558658599854e-01
4.500000000000000000e+01 4.394659996032714844e-01
4.600000000000000000e+01 4.154641985893249290e-01
4.700000000000000000e+01 4.205213904380798451e-01
4.800000000000000000e+01 4.110896110534668080e-01
4.900000000000000000e+01 4.144639670848846436e-01
5.000000000000000000e+01 4.168924570083618053e-01
5.100000000000000000e+01 4.250051617622375710e-01
5.200000000000000000e+01 4.251495480537414440e-01
5.300000000000000000e+01 4.209934949874877819e-01
5.400000000000000000e+01 4.142260193824768288e-01
5.500000000000000000e+01 4.046426773071288840e-01
5.600000000000000000e+01 4.160914063453674538e-01
5.700000000000000000e+01 4.114200830459594505e-01
5.800000000000000000e+01 4.247898876667022816e-01
5.900000000000000000e+01 4.126394927501678689e-01
6.000000000000000000e+01 4.176458775997161643e-01
6.100000000000000000e+01 4.287467241287231667e-01
6.200000000000000000e+01 4.259648025035858154e-01
6.300000000000000000e+01 4.144873976707458274e-01
6.400000000000000000e+01 4.158867597579956055e-01
6.500000000000000000e+01 4.176934242248535045e-01
6.600000000000000000e+01 4.032134771347045676e-01
6.700000000000000000e+01 4.016850233078003152e-01
6.800000000000000000e+01 4.058437526226043590e-01
6.900000000000000000e+01 4.009986758232116921e-01
7.000000000000000000e+01 4.030787110328674094e-01
7.100000000000000000e+01 4.081104993820190430e-01
7.200000000000000000e+01 4.030971884727477805e-01
7.300000000000000000e+01 4.069094061851501465e-01
7.400000000000000000e+01 3.996633350849151389e-01
7.500000000000000000e+01 4.157432913780212402e-01
7.600000000000000000e+01 3.877518594264984242e-01
7.700000000000000000e+01 4.110237956047058105e-01
7.800000000000000000e+01 3.914485692977905384e-01
7.900000000000000000e+01 4.024500608444213645e-01
8.000000000000000000e+01 4.092306673526763805e-01
8.100000000000000000e+01 4.155695199966430442e-01
8.200000000000000000e+01 3.958262801170349121e-01
8.300000000000000000e+01 3.889583230018615612e-01
8.400000000000000000e+01 4.009919881820678822e-01
8.500000000000000000e+01 3.976792395114898682e-01
8.600000000000000000e+01 3.948863387107849343e-01
8.700000000000000000e+01 3.975940108299255149e-01
8.800000000000000000e+01 4.177211940288543812e-01
8.900000000000000000e+01 3.949294447898864524e-01
9.000000000000000000e+01 3.932618558406829612e-01
9.100000000000000000e+01 4.062099277973175160e-01
9.200000000000000000e+01 4.071795821189880260e-01
9.300000000000000000e+01 3.989890277385711448e-01
9.400000000000000000e+01 3.905713558197021484e-01
9.500000000000000000e+01 3.954916477203369030e-01
9.600000000000000000e+01 4.098989367485046387e-01
9.700000000000000000e+01 3.767146050930023082e-01
9.800000000000000000e+01 4.126058518886566162e-01
9.900000000000000000e+01 3.938310742378234863e-01
1.000000000000000000e+02 4.284267842769622914e-01
1.010000000000000000e+02 3.886680424213409535e-01
1.020000000000000000e+02 4.008756935596465842e-01
1.030000000000000000e+02 3.818527281284332386e-01
1.040000000000000000e+02 3.978542923927307351e-01
1.050000000000000000e+02 3.759530961513519176e-01
1.060000000000000000e+02 4.081081807613372581e-01
1.070000000000000000e+02 3.888393044471740723e-01
1.080000000000000000e+02 4.140116035938262717e-01
1.090000000000000000e+02 3.985520362854003684e-01
1.100000000000000000e+02 3.884511291980743408e-01
1.110000000000000000e+02 4.029103040695190541e-01
1.120000000000000000e+02 3.929043471813201682e-01
1.130000000000000000e+02 3.873531997203826793e-01
1.140000000000000000e+02 3.923931360244751199e-01
1.150000000000000000e+02 3.894809961318969616e-01
1.160000000000000000e+02 4.104080021381378285e-01
1.170000000000000000e+02 3.989048540592193826e-01
1.180000000000000000e+02 4.023537635803222656e-01
1.190000000000000000e+02 4.031417250633239635e-01
1.200000000000000000e+02 4.055555820465087669e-01
1.210000000000000000e+02 3.896581947803497425e-01
1.220000000000000000e+02 4.009224057197570690e-01
1.230000000000000000e+02 3.921302855014801025e-01
1.240000000000000000e+02 4.021400690078735241e-01
1.250000000000000000e+02 4.132142126560210960e-01
1.260000000000000000e+02 4.158906817436218151e-01
1.270000000000000000e+02 4.087415695190429465e-01
1.280000000000000000e+02 4.031775414943695179e-01
1.290000000000000000e+02 4.008358538150787465e-01
1.300000000000000000e+02 4.035468101501464844e-01
1.310000000000000000e+02 3.956901371479034646e-01
1.320000000000000000e+02 4.151871681213378795e-01
1.330000000000000000e+02 4.112857162952422985e-01
1.340000000000000000e+02 3.984881341457366943e-01
1.350000000000000000e+02 3.947361469268798606e-01
1.360000000000000000e+02 4.032130360603332631e-01
1.370000000000000000e+02 4.129919171333312766e-01
1.380000000000000000e+02 4.144460380077362172e-01
1.390000000000000000e+02 4.222734570503234863e-01
1.400000000000000000e+02 4.046945095062255970e-01
1.410000000000000000e+02 4.031863570213317649e-01
1.420000000000000000e+02 4.269741117954254372e-01
1.430000000000000000e+02 4.054146707057952881e-01
1.440000000000000000e+02 3.969660282135009655e-01
1.450000000000000000e+02 3.991364657878875843e-01
1.460000000000000000e+02 4.002860307693481556e-01
1.470000000000000000e+02 3.888669252395630105e-01
1.480000000000000000e+02 3.899898707866668590e-01
1.490000000000000000e+02 4.149127364158630149e-01
