0.000000000000000000e+00 5.691149592399596946e-01
1.000000000000000000e+00 5.205157756805419700e-01
2.000000000000000000e+00 5.067158341407775879e-01
3.000000000000000000e+00 5.026310682296752930e-01
4.000000000000000000e+00 5.007024526596068892e-01
5.000000000000000000e+00 4.952279686927795188e-01
6.000000000000000000e+00 4.819652259349823109e-01
7.000000000000000000e+00 4.673405170440673717e-01
8.000000000000000000e+00 4.452060997486114724e-01
9.000000000000000000e+00 4.177627027034759299e-01
1.000000000000000000e+01 3.916839659214019775e-01
1.100000000000000000e+01 3.404912412166595237e-01
1.200000000000000000e+01 2.828676640987396462e-01
1.300000000000000000e+01 2.602799355983734242e-01
1.400000000000000000e+01 2.427214771509170477e-01
1.500000000000000000e+01 2.561698645353317483e-01
1.600000000000000000e+01 2.353166013956070057e-01
1.700000000000000000e+01 2.086325734853744507e-01
1.800000000000000000e+01 1.990465044975280873e-01
1.900000000000000000e+01 1.841873764991760198e-01
2.000000000000000000e+01 1.810681730508804377e-01
2.100000000000000000e+01 1.750153064727783259e-01
2.200000000000000000e+01 1.715074270963668768e-01
2.300000000000000000e+01 1.560678839683532770e-01
2.400000000000000000e+01 1.457373052835464478e-01
2.500000000000000000e+01 1.447341203689575251e-01
2.600000000000000000e+01 1.348555356264114491e-01
2.700000000000000000e+01 1.441521406173706110e-01
2.800000000000000000e+01 1.383127704262733515e-01
2.900000000000000000e+01 1.402301639318466187e-01
3.000000000000000000e+01 1.289113879203796498e-01
3.100000000000000000e+01 1.293376803398132435e-01
3.200000000000000000e+01 1.247291713953018188e-01
3.300000000000000000e+01 1.261197119951248113e-01
3.400000000000000000e+01 1.216986462473869379e-01
3.500000000000000000e+01 1.176276281476020813e-01
3.600000000000000000e+01 1.144550666213035583e-01
3.700000000000000000e+01 1.092711895704269465e-01
3.800000000000000000e+01 1.095806628465652438e-01
3.900000000000000000e+01 1.105814039707183893e-01
4.000000000000000000e+01 1.089726835489273071e-01
4.100000000000000000e+01 1.093871772289276151e-01
4.200000000000000000e+01 1.066452577710151617e-01
4.300000000000000000e+01 1.013092905282974299e-01
4.400000000000000000e+01 9.987939894199371338e-02
4.500000000000000000e+01 9.885134100914001742e-02
4.600000000000000000e+01 9.437253624200821200e-02
4.700000000000000000e+01 9.516981095075607855e-02
4.800000000000000000e+01 9.707657247781753540e-02
4.900000000000000000e+01 9.134743362665176392e-02
5.000000000000000000e+01 9.298803657293319702e-02
5.100000000000000000e+01 9.124240726232528409e-02
5.200000000000000000e+01 8.853632509708404819e-02
5.300000000000000000e+01 8.771744519472121637e-02
5.400000000000000000e+01 8.939903229475021362e-02
5.500000000000000000e+01 8.677982538938522339e-02
5.600000000000000000e+01 9.033232331275939386e-02
5.700000000000000000e+01 9.055135399103164673e-02
5.800000000000000000e+01 8.885268270969390314e-02
5.900000000000000000e+01 9.025648087263107855e-02
6.000000000000000000e+01 8.466666191816329956e-02
6.100000000000000000e+01 8.813155442476272583e-02
6.200000000000000000e+01 8.561343997716903964e-02
6.300000000000000000e+01 8.295337706804276068e-02
6.400000000000000000e+01 8.045865446329117376e-02
6.500000000000000000e+01 7.903740108013153354e-02
6.600000000000000000e+01 7.697910070419311523e-02
6.700000000000000000e+01 8.302358984947204312e-02
6.800000000000000000e+01 7.822678685188293179e-02
6.900000000000000000e+01 7.849553227424621582e-02
7.000000000000000000e+01 8.175907731056213101e-02
7.100000000000000000e+01 8.307752162218093317e-02
7.200000000000000000e+01 8.024776428937911710e-02
7.300000000000000000e+01 7.877491265535355169e-02
7.400000000000000000e+01 7.661557197570800781e-02
7.500000000000000000e+01 7.503646612167358398e-02
7.600000000000000000e+01 7.575497329235077182e-02
7.700000000000000000e+01 7.427737265825271051e-02
7.800000000000000000e+01 7.176491022109984796e-02
7.900000000000000000e+01 7.355018705129623413e-02
8.000000000000000000e+01 7.048632353544234674e-02
8.100000000000000000e+01 6.913595944643020907e-02
8.200000000000000000e+01 6.824803948402405340e-02
8.300000000000000000e+01 6.991392970085144598e-02
8.400000000000000000e+01 6.984237581491470337e-02
8.500000000000000000e+01 7.260585278272628507e-02
8.600000000000000000e+01 7.101169079542160589e-02
8.700000000000000000e+01 7.174213230609893799e-02
8.800000000000000000e+01 7.204592227935791016e-02
8.900000000000000000e+01 7.137433588504790705e-02
9.000000000000000000e+01 6.728927195072173517e-02
9.100000000000000000e+01 6.684253513813018244e-02
9.200000000000000000e+01 6.665005236864089688e-02
9.300000000000000000e+01 6.459751725196838379e-02
9.400000000000000000e+01 6.768388822674750727e-02
9.500000000000000000e+01 6.355254575610161383e-02
9.600000000000000000e+01 6.610050946474074762e-02
9.700000000000000000e+01 6.428649351000785550e-02
9.800000000000000000e+01 6.325542926788330078e-02
9.900000000000000000e+01 6.314746439456939142e-02
1.000000000000000000e+02 6.265953630208968839e-02
1.010000000000000000e+02 6.430364549160003107e-02
1.020000000000000000e+02 6.166303604841232022e-02
1.030000000000000000e+02 6.155802905559539656e-02
1.040000000000000000e+02 6.107301861047744612e-02
1.050000000000000000e+02 6.475254073739052096e-02
1.060000000000000000e+02 6.313385665416718084e-02
1.070000000000000000e+02 6.247636154294013838e-02
1.080000000000000000e+02 6.157382726669311662e-02
1.090000000000000000e+02 5.998814776539802829e-02
1.100000000000000000e+02 5.850289613008499007e-02
1.110000000000000000e+02 5.793920978903770169e-02
1.120000000000000000e+02 5.878625437617301941e-02
1.130000000000000000e+02 5.846537351608276090e-02
1.140000000000000000e+02 5.866897478699684143e-02
1.150000000000000000e+02 6.034416928887367110e-02
1.160000000000000000e+02 5.762120187282562117e-02
1.170000000000000000e+02 5.979270115494728088e-02
1.180000000000000000e+02 5.714275166392326216e-02
1.190000000000000000e+02 5.875031724572181424e-02
1.200000000000000000e+02 5.714262798428535600e-02
1.210000000000000000e+02 5.525668114423751970e-02
1.220000000000000000e+02 5.427528098225593844e-02
1.230000000000000000e+02 5.810166895389556885e-02
1.240000000000000000e+02 5.712293460965156555e-02
1.250000000000000000e+02 5.600328743457794189e-02
1.260000000000000000e+02 5.621754899621009965e-02
1.270000000000000000e+02 5.612402483820914945e-02
1.280000000000000000e+02 5.455625802278518677e-02
1.290000000000000000e+02 5.508201718330383440e-02
1.300000000000000000e+02 5.703972801566124101e-02
1.310000000000000000e+02 5.549987033009529114e-02
1.320000000000000000e+02 5.627833083271980424e-02
1.330000000000000000e+02 5.631003528833389282e-02
1.340000000000000000e+02 5.362332835793495039e-02
1.350000000000000000e+02 5.549516528844833374e-02
1.360000000000000000e+02 5.337554216384887695e-02
1.370000000000000000e+02 5.501602888107300082e-02
1.380000000000000000e+02 5.215740799903869490e-02
1.390000000000000000e+02 5.368342772126197954e-02
1.400000000000000000e+02 5.351656600832939426e-02
1.410000000000000000e+02 5.449063405394553861e-02
1.420000000000000000e+02 5.267265811562538147e-02
1.430000000000000000e+02 5.221477746963500838e-02
1.440000000000000000e+02 5.158442035317421098e-02
1.450000000000000000e+02 5.226003080606460294e-02
1.460000000000000000e+02 5.254795923829078813e-02
1.470000000000000000e+02 4.949224293231964389e-02
1.480000000000000000e+02 5.135663300752639493e-02
1.490000000000000000e+02 4.859863370656967302e-02
