0.000000000000000000e+00 3.135408550500869973e-01
1.000000000000000000e+00 3.057660102844238503e-01
2.000000000000000000e+00 3.184201985597610585e-01
3.000000000000000000e+00 3.163259848952293396e-01
4.000000000000000000e+00 2.804470062255859375e-01
5.000000000000000000e+00 2.842357277870178334e-01
6.000000000000000000e+00 2.638818100094795227e-01
7.000000000000000000e+00 2.777637779712677224e-01
8.000000000000000000e+00 2.861650839447975048e-01
9.000000000000000000e+00 2.704068765044212452e-01
1.000000000000000000e+01 3.000330477952957153e-01
1.100000000000000000e+01 2.721584409475326649e-01
1.200000000000000000e+01 2.716749116778373607e-01
1.300000000000000000e+01 2.548105090856552235e-01
1.400000000000000000e+01 2.633110970258712991e-01
1.500000000000000000e+01 2.299902319908141979e-01
1.600000000000000000e+01 2.469595715403556935e-01
1.700000000000000000e+01 2.442218318581581005e-01
1.800000000000000000e+01 2.519750177860259899e-01
1.900000000000000000e+01 2.407886266708373912e-01
2.000000000000000000e+01 2.488558292388916016e-01
2.100000000000000000e+01 2.248426392674446050e-01
2.200000000000000000e+01 2.140324071049690136e-01
2.300000000000000000e+01 2.415555238723754994e-01
2.400000000000000000e+01 2.159206911921501271e-01
2.500000000000000000e+01 2.323278933763504028e-01
2.600000000000000000e+01 2.173769950866699108e-01
2.700000000000000000e+01 2.162912964820861705e-01
2.800000000000000000e+01 2.229687616229057423e-01
2.900000000000000000e+01 2.084074690937995911e-01
3.000000000000000000e+01 2.109835729002952631e-01
3.100000000000000000e+01 1.859750419855117909e-01
3.200000000000000000e+01 2.157837614417076055e-01
3.300000000000000000e+01 2.094791114330291637e-01
3.400000000000000000e+01 2.009812265634536854e-01
3.500000000000000000e+01 2.076985687017440796e-01
3.600000000000000000e+01 1.918238341808319036e-01
3.700000000000000000e+01 2.009931191802024897e-01
3.800000000000000000e+01 1.700636789202690236e-01
3.900000000000000000e+01 1.962646290659904591e-01
4.000000000000000000e+01 1.972826182842254694e-01
4.100000000000000000e+01 1.782805666327476612e-01
4.200000000000000000e+01 1.880114108324050792e-01
4.300000000000000000e+01 1.938056230545043834e-01
4.400000000000000000e+01 1.713560804724693354e-01
4.500000000000000000e+01 1.633046224713325389e-01
4.600000000000000000e+01 1.850738257169723400e-01
4.700000000000000000e+01 1.752641960978507940e-01
4.800000000000000000e+01 1.752187252044677679e-01
4.900000000000000000e+01 1.773821949958801214e-01
5.000000000000000000e+01 1.690604001283645685e-01
5.100000000000000000e+01 1.769385010004043690e-01
5.200000000000000000e+01 1.649790585041046032e-01
5.300000000000000000e+01 1.689535513520240839e-01
5.400000000000000000e+01 1.614030286669731196e-01
5.500000000000000000e+01 1.654360249638557323e-01
5.600000000000000000e+01 1.637925118207931574e-01
5.700000000000000000e+01 1.591141849756240734e-01
5.800000000000000000e+01 1.615763455629348755e-01
5.900000000000000000e+01 1.589841812849044911e-01
6.000000000000000000e+01 1.529493838548660334e-01
6.100000000000000000e+01 1.629365801811218373e-01
6.200000000000000000e+01 1.529535248875618092e-01
6.300000000000000000e+01 1.433281436562538202e-01
6.400000000000000000e+01 1.461468547582626398e-01
6.500000000000000000e+01 1.441940695047378429e-01
6.600000000000000000e+01 1.612766250967979376e-01
6.700000000000000000e+01 1.452899366617202703e-01
6.800000000000000000e+01 1.482794821262359564e-01
6.900000000000000000e+01 1.440321028232574574e-01
7.000000000000000000e+01 1.642172396183013972e-01
7.100000000000000000e+01 1.393341615796089283e-01
7.200000000000000000e+01 1.509022817015647777e-01
7.300000000000000000e+01 1.408919513225555531e-01
7.400000000000000000e+01 1.379217818379402105e-01
7.500000000000000000e+01 1.428895592689514160e-01
7.600000000000000000e+01 1.432754531502723749e-01
7.700000000000000000e+01 1.401198387145995983e-01
7.800000000000000000e+01 1.369169071316719000e-01
7.900000000000000000e+01 1.263125658035278431e-01
8.000000000000000000e+01 1.471106737852096447e-01
8.100000000000000000e+01 1.456460162997245678e-01
8.200000000000000000e+01 1.409068360924720653e-01
8.300000000000000000e+01 1.299625962972640880e-01
8.400000000000000000e+01 1.286012873053550831e-01
8.500000000000000000e+01 1.319817781448364147e-01
8.600000000000000000e+01 1.319406539201736506e-01
8.700000000000000000e+01 1.317121580243110768e-01
8.800000000000000000e+01 1.380098029971122686e-01
8.900000000000000000e+01 1.200489461421966608e-01
9.000000000000000000e+01 1.301555976271629445e-01
9.100000000000000000e+01 1.210053414106369019e-01
9.200000000000000000e+01 1.437995210289955139e-01
9.300000000000000000e+01 1.279117614030838013e-01
9.400000000000000000e+01 1.311841651797294728e-01
9.500000000000000000e+01 1.248174116015434293e-01
9.600000000000000000e+01 1.231958493590354919e-01
9.700000000000000000e+01 1.236210078001022394e-01
9.800000000000000000e+01 1.223133817315101568e-01
9.900000000000000000e+01 1.261768355965614263e-01
1.000000000000000000e+02 1.200880080461502047e-01
1.010000000000000000e+02 1.136251106858253423e-01
1.020000000000000000e+02 1.246556535363197299e-01
1.030000000000000000e+02 1.171860009431839045e-01
1.040000000000000000e+02 1.222651720046997043e-01
1.050000000000000000e+02 1.313052698969841003e-01
1.060000000000000000e+02 1.185701236128807040e-01
1.070000000000000000e+02 1.071438625454902704e-01
1.080000000000000000e+02 1.211932659149169977e-01
1.090000000000000000e+02 1.245229557156562750e-01
1.100000000000000000e+02 1.179555296897888128e-01
1.110000000000000000e+02 1.208368360996246310e-01
1.120000000000000000e+02 1.135055571794509888e-01
1.130000000000000000e+02 1.190253823995590238e-01
1.140000000000000000e+02 1.186841472983360263e-01
1.150000000000000000e+02 1.164834693074226352e-01
1.160000000000000000e+02 1.146582379937171881e-01
1.170000000000000000e+02 1.105820655822753878e-01
1.180000000000000000e+02 1.155817240476608304e-01
1.190000000000000000e+02 1.081655591726303073e-01
1.200000000000000000e+02 1.141833648085594233e-01
1.210000000000000000e+02 1.167039632797241266e-01
1.220000000000000000e+02 1.074711605906486511e-01
1.230000000000000000e+02 1.112695679068565341e-01
1.240000000000000000e+02 1.128994792699813815e-01
1.250000000000000000e+02 1.113000258803367587e-01
1.260000000000000000e+02 1.078018143773078891e-01
1.270000000000000000e+02 1.133237540721893366e-01
1.280000000000000000e+02 1.072465956211090116e-01
1.290000000000000000e+02 9.828051179647445679e-02
1.300000000000000000e+02 1.064729228615760859e-01
1.310000000000000000e+02 1.107094034552574130e-01
1.320000000000000000e+02 1.105445966124534579e-01
1.330000000000000000e+02 1.167655438184738159e-01
1.340000000000000000e+02 1.096195027232170077e-01
1.350000000000000000e+02 1.055271387100219782e-01
1.360000000000000000e+02 1.070695728063583430e-01
1.370000000000000000e+02 1.155413240194320679e-01
1.380000000000000000e+02 1.030856594443321228e-01
1.390000000000000000e+02 1.036047086119651767e-01
1.400000000000000000e+02 1.098298564553260859e-01
1.410000000000000000e+02 1.069389253854751559e-01
1.420000000000000000e+02 1.012663558125495855e-01
1.430000000000000000e+02 1.033536165952682467e-01
1.440000000000000000e+02 9.961889088153838556e-02
1.450000000000000000e+02 1.054751142859458868e-01
1.460000000000000000e+02 9.932236373424530029e-02
1.470000000000000000e+02 1.011745497584342901e-01
1.480000000000000000e+02 1.033044055104255649e-01
1.490000000000000000e+02 1.022559776902198792e-01
