0.000000000000000000e+00 9.647657734375000291e+04
1.000000000000000000e+00 5.600248164062500291e+04
2.000000000000000000e+00 4.622505507812499854e+04
3.000000000000000000e+00 4.267595859375000146e+04
4.000000000000000000e+00 4.140668750000000000e+04
5.000000000000000000e+00 4.083900624999999854e+04
6.000000000000000000e+00 4.204608710937500291e+04
7.000000000000000000e+00 4.270976679687500291e+04
8.000000000000000000e+00 4.361334960937500000e+04
9.000000000000000000e+00 4.175023124999999709e+04
1.000000000000000000e+01 4.343883320312500291e+04
1.100000000000000000e+01 4.333560429687499709e+04
1.200000000000000000e+01 4.219379726562499854e+04
1.300000000000000000e+01 4.281041914062500291e+04
1.400000000000000000e+01 4.174859609374999854e+04
1.500000000000000000e+01 4.179512265625000146e+04
1.600000000000000000e+01 4.092214960937500291e+04
1.700000000000000000e+01 3.970900468749999709e+04
1.800000000000000000e+01 3.924284062499999709e+04
1.900000000000000000e+01 3.987322109374999854e+04
2.000000000000000000e+01 4.095302929687500000e+04
2.100000000000000000e+01 4.022246718749999854e+04
2.200000000000000000e+01 3.631811601562499709e+04
2.300000000000000000e+01 3.764023359375000291e+04
2.400000000000000000e+01 3.785904765624999709e+04
2.500000000000000000e+01 3.709597187500000291e+04
2.600000000000000000e+01 3.850280976562500291e+04
2.700000000000000000e+01 3.662425742187500146e+04
2.800000000000000000e+01 3.526093242187499709e+04
2.900000000000000000e+01 3.509209101562500291e+04
3.000000000000000000e+01 3.490247851562500000e+04
3.100000000000000000e+01 3.441726445312499709e+04
3.200000000000000000e+01 3.833977851562500291e+04
3.300000000000000000e+01 3.641356210937500146e+04
3.400000000000000000e+01 3.424167519531249854e+04
3.500000000000000000e+01 3.409850781250000000e+04
3.600000000000000000e+01 3.476144804687499709e+04
3.700000000000000000e+01 3.356663320312499854e+04
3.800000000000000000e+01 3.360199863281250146e+04
3.900000000000000000e+01 3.168097812500000146e+04
4.000000000000000000e+01 3.086164238281250073e+04
4.100000000000000000e+01 3.135119082031249854e+04
4.200000000000000000e+01 3.230545429687499927e+04
4.300000000000000000e+01 3.258044433593750000e+04
4.400000000000000000e+01 2.970054238281249854e+04
4.500000000000000000e+01 2.943311367187499854e+04
4.600000000000000000e+01 3.069561796875000073e+04
4.700000000000000000e+01 3.084135527343750073e+04
4.800000000000000000e+01 3.094149082031250146e+04
4.900000000000000000e+01 2.917231191406249854e+04
5.000000000000000000e+01 3.135592246093750146e+04
5.100000000000000000e+01 3.039203046874999927e+04
5.200000000000000000e+01 3.012575664062500073e+04
5.300000000000000000e+01 2.929403671875000146e+04
5.400000000000000000e+01 3.106284863281250000e+04
5.500000000000000000e+01 2.953302207031250146e+04
5.600000000000000000e+01 2.830232207031250073e+04
5.700000000000000000e+01 2.767354257812500146e+04
5.800000000000000000e+01 2.854511542968749927e+04
5.900000000000000000e+01 2.938652421875000073e+04
6.000000000000000000e+01 2.757793476562499927e+04
6.100000000000000000e+01 2.856210996093750146e+04
6.200000000000000000e+01 2.805230800781249854e+04
6.300000000000000000e+01 2.844989472656249927e+04
6.400000000000000000e+01 2.834025332031249854e+04
6.500000000000000000e+01 2.716633906249999927e+04
6.600000000000000000e+01 2.722970449218749854e+04
6.700000000000000000e+01 2.794483691406250000e+04
6.800000000000000000e+01 2.762657714843750000e+04
6.900000000000000000e+01 2.724710195312499854e+04
7.000000000000000000e+01 2.686259179687500000e+04
7.100000000000000000e+01 2.665010078124999927e+04
7.200000000000000000e+01 2.729690820312500000e+04
7.300000000000000000e+01 2.626355722656250146e+04
7.400000000000000000e+01 2.985540253906249927e+04
7.500000000000000000e+01 2.803707324218750000e+04
7.600000000000000000e+01 2.577971601562499927e+04
7.700000000000000000e+01 2.677021953125000073e+04
7.800000000000000000e+01 2.589360351562500000e+04
7.900000000000000000e+01 2.609319492187500146e+04
8.000000000000000000e+01 2.626737285156250073e+04
8.100000000000000000e+01 2.685944707031250073e+04
8.200000000000000000e+01 2.635484394531249927e+04
8.300000000000000000e+01 2.569543984374999854e+04
8.400000000000000000e+01 2.600875253906250146e+04
8.500000000000000000e+01 2.468057636718749927e+04
8.600000000000000000e+01 2.744214921875000073e+04
8.700000000000000000e+01 2.801404296875000000e+04
8.800000000000000000e+01 2.714639218750000146e+04
8.900000000000000000e+01 2.564207910156250000e+04
9.000000000000000000e+01 2.602158124999999927e+04
9.100000000000000000e+01 2.704508945312500146e+04
9.200000000000000000e+01 2.489874941406249854e+04
9.300000000000000000e+01 2.557005625000000146e+04
9.400000000000000000e+01 2.650752558593749927e+04
9.500000000000000000e+01 2.507230214843749854e+04
9.600000000000000000e+01 2.503884765625000000e+04
9.700000000000000000e+01 2.575267187500000000e+04
9.800000000000000000e+01 2.467629902343749927e+04
9.900000000000000000e+01 2.569107050781249927e+04
1.000000000000000000e+02 2.621700605468749927e+04
1.010000000000000000e+02 2.429901914062500146e+04
1.020000000000000000e+02 2.468174355468749854e+04
1.030000000000000000e+02 2.494141835937499854e+04
1.040000000000000000e+02 2.521128085937500146e+04
1.050000000000000000e+02 2.498605429687500146e+04
1.060000000000000000e+02 2.586065898437500073e+04
1.070000000000000000e+02 2.588916445312499854e+04
1.080000000000000000e+02 2.418775214843749927e+04
1.090000000000000000e+02 2.435215859374999854e+04
1.100000000000000000e+02 2.436132246093749927e+04
1.110000000000000000e+02 2.536200878906250000e+04
1.120000000000000000e+02 2.559010410156250146e+04
1.130000000000000000e+02 2.506657070312499854e+04
1.140000000000000000e+02 2.503773847656249927e+04
1.150000000000000000e+02 2.437319042968750000e+04
1.160000000000000000e+02 2.431990234375000000e+04
1.170000000000000000e+02 2.550118984374999854e+04
1.180000000000000000e+02 2.292500937500000146e+04
1.190000000000000000e+02 2.438267910156249854e+04
1.200000000000000000e+02 2.415241660156250146e+04
1.210000000000000000e+02 2.505895195312500073e+04
1.220000000000000000e+02 2.397140292968750146e+04
1.230000000000000000e+02 2.385521972656250000e+04
1.240000000000000000e+02 2.429430468750000000e+04
1.250000000000000000e+02 2.560967167968750073e+04
1.260000000000000000e+02 2.449504160156250146e+04
1.270000000000000000e+02 2.443714902343750146e+04
1.280000000000000000e+02 2.286358164062500146e+04
1.290000000000000000e+02 2.320438867187500000e+04
1.300000000000000000e+02 2.252850078125000073e+04
1.310000000000000000e+02 2.351528867187500146e+04
1.320000000000000000e+02 2.366736621093750000e+04
1.330000000000000000e+02 2.437287714843749927e+04
1.340000000000000000e+02 2.427623671874999854e+04
1.350000000000000000e+02 2.388841269531250146e+04
1.360000000000000000e+02 2.342027714843750073e+04
1.370000000000000000e+02 2.348164023437500146e+04
1.380000000000000000e+02 2.264112851562500146e+04
1.390000000000000000e+02 2.282989589843749854e+04
1.400000000000000000e+02 2.346099238281249927e+04
1.410000000000000000e+02 2.252648867187499854e+04
1.420000000000000000e+02 2.377134687499999927e+04
1.430000000000000000e+02 2.372876152343750073e+04
1.440000000000000000e+02 2.412109472656250000e+04
1.450000000000000000e+02 2.291069023437500073e+04
1.460000000000000000e+02 2.278465429687500000e+04
1.470000000000000000e+02 2.236802773437499854e+04
1.480000000000000000e+02 2.275189082031249927e+04
1.490000000000000000e+02 2.340973125000000073e+04
