0.000000000000000000e+00 -4.168474763631820901e-01
1.000000000000000000e+00 -4.263603955507278553e-01
2.000000000000000000e+00 -4.308078646659850852e-01
3.000000000000000000e+00 -4.473009109497070312e-01
4.000000000000000000e+00 -4.597851067781448253e-01
5.000000000000000000e+00 -4.279521614313125388e-01
6.000000000000000000e+00 -4.499931335449218750e-01
7.000000000000000000e+00 -4.442608237266540416e-01
8.000000000000000000e+00 -4.535590052604675515e-01
9.000000000000000000e+00 -4.448471128940582053e-01
1.000000000000000000e+01 -4.357178181409835926e-01
1.100000000000000000e+01 -4.437347769737243763e-01
1.200000000000000000e+01 -4.458012044429778831e-01
1.300000000000000000e+01 -4.529227972030639426e-01
1.400000000000000000e+01 -4.295926243066787720e-01
1.500000000000000000e+01 -4.595782548189163430e-01
1.600000000000000000e+01 -4.517234951257705911e-01
1.700000000000000000e+01 -4.423192799091338889e-01
1.800000000000000000e+01 -4.439570069313049094e-01
1.900000000000000000e+01 -4.530792713165283092e-01
2.000000000000000000e+01 -4.530134618282318226e-01
2.100000000000000000e+01 -4.569927573204040638e-01
2.200000000000000000e+01 -4.498479574918746726e-01
2.300000000000000000e+01 -4.429930806159972922e-01
2.400000000000000000e+01 -4.545052170753479115e-01
2.500000000000000000e+01 -4.589251607656478771e-01
2.600000000000000000e+01 -4.480702817440033181e-01
2.700000000000000000e+01 -4.614715576171875000e-01
2.800000000000000000e+01 -4.644932091236114724e-01
2.900000000000000000e+01 -4.536971420049667469e-01
3.000000000000000000e+01 -4.618920236825942993e-01
3.100000000000000000e+01 -4.454625546932220459e-01
3.200000000000000000e+01 -4.432837992906570324e-01
3.300000000000000000e+01 -4.556560337543487660e-01
3.400000000000000000e+01 -4.563916087150573508e-01
3.500000000000000000e+01 -4.624453812837600597e-01
3.600000000000000000e+01 -4.610332757234573142e-01
3.700000000000000000e+01 -4.534836649894714578e-01
3.800000000000000000e+01 -4.493382364511490090e-01
3.900000000000000000e+01 -4.612041652202606423e-01
4.000000000000000000e+01 -4.481392472982406727e-01
4.100000000000000000e+01 -4.574688106775283702e-01
4.200000000000000000e+01 -4.585757911205291526e-01
4.300000000000000000e+01 -4.591083139181136863e-01
4.400000000000000000e+01 -4.620190680027008168e-01
4.500000000000000000e+01 -4.439658433198928611e-01
4.600000000000000000e+01 -4.682959735393524281e-01
4.700000000000000000e+01 -4.619445204734802246e-01
4.800000000000000000e+01 -4.570848613977432362e-01
4.900000000000000000e+01 -4.644496768712997326e-01
5.000000000000000000e+01 -4.555140912532806285e-01
5.100000000000000000e+01 -4.544000834226608054e-01
5.200000000000000000e+01 -4.539999753236770852e-01
5.300000000000000000e+01 -4.513368487358093151e-01
5.400000000000000000e+01 -4.691209405660629050e-01
5.500000000000000000e+01 -4.700714707374572532e-01
5.600000000000000000e+01 -4.616314649581909069e-01
5.700000000000000000e+01 -4.689020931720733754e-01
5.800000000000000000e+01 -4.532034665346145741e-01
5.900000000000000000e+01 -4.531166106462478638e-01
6.000000000000000000e+01 -4.678452193737029918e-01
6.100000000000000000e+01 -4.622920960187911765e-01
6.200000000000000000e+01 -4.603021264076233021e-01
6.300000000000000000e+01 -4.684280097484588845e-01
6.400000000000000000e+01 -4.558636069297790638e-01
6.500000000000000000e+01 -4.540676534175872581e-01
6.600000000000000000e+01 -4.655692547559738270e-01
6.700000000000000000e+01 -4.540375351905822643e-01
6.800000000000000000e+01 -4.677469283342361450e-01
6.900000000000000000e+01 -4.726172119379043468e-01
7.000000000000000000e+01 -4.646616935729980247e-01
7.100000000000000000e+01 -4.598768830299377330e-01
7.200000000000000000e+01 -4.578260272741317971e-01
7.300000000000000000e+01 -4.739276260137558205e-01
7.400000000000000000e+01 -4.653645187616348156e-01
7.500000000000000000e+01 -4.734996885061263927e-01
7.600000000000000000e+01 -4.475734978914260864e-01
7.700000000000000000e+01 -4.597442090511322244e-01
7.800000000000000000e+01 -4.581354439258575328e-01
7.900000000000000000e+01 -4.675897061824798584e-01
8.000000000000000000e+01 -4.581032097339630127e-01
8.100000000000000000e+01 -4.732825607061386108e-01
8.200000000000000000e+01 -4.634899914264679066e-01
8.300000000000000000e+01 -4.642924636602401844e-01
8.400000000000000000e+01 -4.618958413600921520e-01
8.500000000000000000e+01 -4.642670065164565818e-01
8.600000000000000000e+01 -4.682172983884811401e-01
8.700000000000000000e+01 -4.585850000381469505e-01
8.800000000000000000e+01 -4.672844409942626953e-01
8.900000000000000000e+01 -4.735285311937332264e-01
9.000000000000000000e+01 -4.580027431249618641e-01
9.100000000000000000e+01 -4.744705915451049583e-01
9.200000000000000000e+01 -4.685657173395156860e-01
9.300000000000000000e+01 -4.644354701042175404e-01
9.400000000000000000e+01 -4.517805755138397106e-01
9.500000000000000000e+01 -4.675363123416900746e-01
9.600000000000000000e+01 -4.589057117700576782e-01
9.700000000000000000e+01 -4.702290564775467030e-01
9.800000000000000000e+01 -4.703976273536681907e-01
9.900000000000000000e+01 -4.785565227270126565e-01
1.000000000000000000e+02 -4.528923690319061057e-01
1.010000000000000000e+02 -4.802600026130676159e-01
1.020000000000000000e+02 -4.595269829034805409e-01
1.030000000000000000e+02 -4.649816811084747092e-01
1.040000000000000000e+02 -4.689352661371231079e-01
1.050000000000000000e+02 -4.574464380741119496e-01
1.060000000000000000e+02 -4.783898264169693104e-01
1.070000000000000000e+02 -4.619613021612167247e-01
1.080000000000000000e+02 -4.732825309038162231e-01
1.090000000000000000e+02 -4.757978379726409690e-01
1.100000000000000000e+02 -4.625800907611846702e-01
1.110000000000000000e+02 -4.597027510404586570e-01
1.120000000000000000e+02 -4.668075680732727273e-01
1.130000000000000000e+02 -4.745635837316513062e-01
1.140000000000000000e+02 -4.598248332738876232e-01
1.150000000000000000e+02 -4.670720726251602062e-01
1.160000000000000000e+02 -4.626205563545227051e-01
1.170000000000000000e+02 -4.646981835365295299e-01
1.180000000000000000e+02 -4.784785419702529685e-01
1.190000000000000000e+02 -4.665146172046661377e-01
1.200000000000000000e+02 -4.636369466781616322e-01
1.210000000000000000e+02 -4.779191941022872814e-01
1.220000000000000000e+02 -4.682897418737411721e-01
1.230000000000000000e+02 -4.683959364891052135e-01
1.240000000000000000e+02 -4.700077801942825206e-01
1.250000000000000000e+02 -4.585238367319107167e-01
1.260000000000000000e+02 -4.785058617591858021e-01
1.270000000000000000e+02 -4.674418091773986927e-01
1.280000000000000000e+02 -4.701861381530761941e-01
1.290000000000000000e+02 -4.776402652263641579e-01
1.300000000000000000e+02 -4.825747549533844216e-01
1.310000000000000000e+02 -4.672817528247833474e-01
1.320000000000000000e+02 -4.682697743177414162e-01
1.330000000000000000e+02 -4.557759791612625011e-01
1.340000000000000000e+02 -4.726522713899612427e-01
1.350000000000000000e+02 -4.733480244874954113e-01
1.360000000000000000e+02 -4.721144646406173484e-01
1.370000000000000000e+02 -4.663318544626235962e-01
1.380000000000000000e+02 -4.689928203821182029e-01
1.390000000000000000e+02 -4.694450110197067039e-01
1.400000000000000000e+02 -4.788974851369857677e-01
1.410000000000000000e+02 -4.824941486120223888e-01
1.420000000000000000e+02 -4.659789711236953513e-01
1.430000000000000000e+02 -4.698489278554916493e-01
1.440000000000000000e+02 -4.578673005104064719e-01
1.450000000000000000e+02 -4.711187154054641835e-01
1.460000000000000000e+02 -4.698738873004913441e-01
1.470000000000000000e+02 -4.764148712158203236e-01
1.480000000000000000e+02 -4.688631236553192361e-01
1.490000000000000000e+02 -4.754804491996765248e-01
