0.000000000000000000e+00 5.109804630279540794e-01
1.000000000000000000e+00 5.122488319873810259e-01
2.000000000000000000e+00 5.060713469982147661e-01
3.000000000000000000e+00 5.006831794977187888e-01
4.000000000000000000e+00 4.997506171464919933e-01
5.000000000000000000e+00 4.998536765575408714e-01
6.000000000000000000e+00 4.972515553236007690e-01
7.000000000000000000e+00 4.925242960453033447e-01
8.000000000000000000e+00 4.992344588041305320e-01
9.000000000000000000e+00 4.929644465446472168e-01
1.000000000000000000e+01 4.830432295799255149e-01
1.100000000000000000e+01 5.023912221193314043e-01
1.200000000000000000e+01 4.797404438257217296e-01
1.300000000000000000e+01 4.887712419033050648e-01
1.400000000000000000e+01 4.834860503673553689e-01
1.500000000000000000e+01 4.794483274221420510e-01
1.600000000000000000e+01 4.972696930170059093e-01
1.700000000000000000e+01 4.945426583290100098e-01
1.800000000000000000e+01 4.797387689352035633e-01
1.900000000000000000e+01 4.903628468513488992e-01
2.000000000000000000e+01 4.879899263381958230e-01
2.100000000000000000e+01 4.884517878293991311e-01
2.200000000000000000e+01 4.846132546663284302e-01
2.300000000000000000e+01 4.933488041162490956e-01
2.400000000000000000e+01 4.773171484470367654e-01
2.500000000000000000e+01 4.947450548410415871e-01
2.600000000000000000e+01 4.708049267530441395e-01
2.700000000000000000e+01 4.753695040941238181e-01
2.800000000000000000e+01 4.619282603263855091e-01
2.900000000000000000e+01 4.710747212171554343e-01
3.000000000000000000e+01 4.855749636888503917e-01
3.100000000000000000e+01 4.788195908069610707e-01
3.200000000000000000e+01 4.817669630050659402e-01
3.300000000000000000e+01 4.690148979425430298e-01
3.400000000000000000e+01 4.736216247081756481e-01
3.500000000000000000e+01 4.689651429653167725e-01
3.600000000000000000e+01 4.840026110410690086e-01
3.700000000000000000e+01 4.958888709545135609e-01
3.800000000000000000e+01 4.714545905590057373e-01
3.900000000000000000e+01 4.866082042455673329e-01
4.000000000000000000e+01 4.800643235445022361e-01
4.100000000000000000e+01 4.716037213802337646e-01
4.200000000000000000e+01 4.651690423488616943e-01
4.300000000000000000e+01 4.684398800134658702e-01
4.400000000000000000e+01 4.585357487201690563e-01
4.500000000000000000e+01 4.666820406913757546e-01
4.600000000000000000e+01 4.816089898347854503e-01
4.700000000000000000e+01 4.527441829442978016e-01
4.800000000000000000e+01 4.660162776708602905e-01
4.900000000000000000e+01 4.538388460874557273e-01
5.000000000000000000e+01 4.760214358568191639e-01
5.100000000000000000e+01 4.571058243513107522e-01
5.200000000000000000e+01 4.551915466785431130e-01
5.300000000000000000e+01 4.690504699945449718e-01
5.400000000000000000e+01 4.497731894254684559e-01
5.500000000000000000e+01 4.552499562501907127e-01
5.600000000000000000e+01 4.636667132377624290e-01
5.700000000000000000e+01 4.731503069400787576e-01
5.800000000000000000e+01 4.697843134403228982e-01
5.900000000000000000e+01 4.678288877010345348e-01
6.000000000000000000e+01 4.614777624607085960e-01
6.100000000000000000e+01 4.640813797712325939e-01
6.200000000000000000e+01 4.578214138746261597e-01
6.300000000000000000e+01 4.631757348775863425e-01
6.400000000000000000e+01 4.706635504961013683e-01
6.500000000000000000e+01 4.688043832778930886e-01
6.600000000000000000e+01 4.716617643833160289e-01
6.700000000000000000e+01 4.616471201181411854e-01
6.800000000000000000e+01 4.629072070121765248e-01
6.900000000000000000e+01 4.622250944375991821e-01
7.000000000000000000e+01 4.655682176351547130e-01
7.100000000000000000e+01 4.540811806917190441e-01
7.200000000000000000e+01 4.541842788457870483e-01
7.300000000000000000e+01 4.515831977128982322e-01
7.400000000000000000e+01 4.696888595819473378e-01
7.500000000000000000e+01 4.563151568174362294e-01
7.600000000000000000e+01 4.359299272298812755e-01
7.700000000000000000e+01 4.536674410104751809e-01
7.800000000000000000e+01 4.501359194517135509e-01
7.900000000000000000e+01 4.752574652433395608e-01
8.000000000000000000e+01 4.684169411659240834e-01
8.100000000000000000e+01 4.474060237407684326e-01
8.200000000000000000e+01 4.441249698400497326e-01
8.300000000000000000e+01 4.632238477468490490e-01
8.400000000000000000e+01 4.686755061149597279e-01
8.500000000000000000e+01 4.491622507572173850e-01
8.600000000000000000e+01 4.755758553743362205e-01
8.700000000000000000e+01 4.559279829263687134e-01
8.800000000000000000e+01 4.603867620229721291e-01
8.900000000000000000e+01 4.499738067388534546e-01
9.000000000000000000e+01 4.351616472005844227e-01
9.100000000000000000e+01 4.515258044004440419e-01
9.200000000000000000e+01 4.739623904228210671e-01
9.300000000000000000e+01 4.423312842845916748e-01
9.400000000000000000e+01 4.604443311691284180e-01
9.500000000000000000e+01 4.487273097038269043e-01
9.600000000000000000e+01 4.642435520887374656e-01
9.700000000000000000e+01 4.449035346508026234e-01
9.800000000000000000e+01 4.585809439420699962e-01
9.900000000000000000e+01 4.420793563127517478e-01
