0.000000000000000000e+00 3.018696796874999927e+04
1.000000000000000000e+00 2.014985097656249854e+04
2.000000000000000000e+00 1.583819052734374964e+04
3.000000000000000000e+00 1.386449755859375000e+04
4.000000000000000000e+00 1.333507851562500036e+04
5.000000000000000000e+00 1.242131914062500073e+04
6.000000000000000000e+00 1.191434130859375000e+04
7.000000000000000000e+00 1.184027060546874964e+04
8.000000000000000000e+00 1.150016796875000000e+04
9.000000000000000000e+00 1.241302792968749964e+04
1.000000000000000000e+01 1.148130654296875036e+04
1.100000000000000000e+01 1.139658749999999964e+04
1.200000000000000000e+01 1.198075175781250073e+04
1.300000000000000000e+01 1.221425820312500036e+04
1.400000000000000000e+01 9.852959423828124272e+03
1.500000000000000000e+01 9.385122070312500000e+03
1.600000000000000000e+01 9.363782519531250728e+03
1.700000000000000000e+01 1.033768652343750000e+04
1.800000000000000000e+01 9.560224951171874636e+03
1.900000000000000000e+01 9.428297705078124636e+03
2.000000000000000000e+01 9.267185546875000000e+03
2.100000000000000000e+01 9.317266015625000364e+03
2.200000000000000000e+01 8.395717529296875000e+03
2.300000000000000000e+01 8.467425195312500364e+03
2.400000000000000000e+01 8.253533056640624636e+03
2.500000000000000000e+01 7.708125146484375364e+03
2.600000000000000000e+01 8.357307910156250728e+03
2.700000000000000000e+01 7.887476855468749818e+03
2.800000000000000000e+01 7.164840673828124636e+03
2.900000000000000000e+01 7.249350292968750182e+03
3.000000000000000000e+01 6.710205126953124818e+03
3.100000000000000000e+01 6.895742871093750182e+03
3.200000000000000000e+01 5.992085424804687136e+03
3.300000000000000000e+01 6.780387597656250364e+03
3.400000000000000000e+01 6.504132958984375364e+03
3.500000000000000000e+01 5.888468774414062864e+03
3.600000000000000000e+01 6.154413427734374636e+03
3.700000000000000000e+01 5.808178320312499636e+03
3.800000000000000000e+01 5.676227465820312318e+03
3.900000000000000000e+01 6.283273754882812682e+03
4.000000000000000000e+01 5.981593164062500364e+03
4.100000000000000000e+01 6.276706933593750364e+03
4.200000000000000000e+01 5.946521386718750364e+03
4.300000000000000000e+01 5.823755224609374636e+03
4.400000000000000000e+01 6.149868017578124636e+03
4.500000000000000000e+01 5.401094921875000182e+03
4.600000000000000000e+01 4.898729003906250000e+03
4.700000000000000000e+01 5.958800683593750364e+03
4.800000000000000000e+01 5.351660205078124818e+03
4.900000000000000000e+01 4.530964111328125000e+03
5.000000000000000000e+01 5.261949731445312864e+03
5.100000000000000000e+01 4.761778027343750182e+03
5.200000000000000000e+01 4.702580053710937136e+03
5.300000000000000000e+01 4.805055029296874636e+03
5.400000000000000000e+01 4.398043481445312864e+03
5.500000000000000000e+01 4.756306152343750000e+03
5.600000000000000000e+01 4.184613305664062864e+03
5.700000000000000000e+01 4.451062475585937136e+03
5.800000000000000000e+01 4.266703344726562136e+03
5.900000000000000000e+01 4.313295751953124636e+03
6.000000000000000000e+01 4.227701904296875000e+03
6.100000000000000000e+01 4.342792871093750364e+03
6.200000000000000000e+01 4.404913500976562318e+03
6.300000000000000000e+01 4.191353222656250182e+03
6.400000000000000000e+01 3.702154760742187591e+03
6.500000000000000000e+01 4.337546850585937136e+03
6.600000000000000000e+01 3.929566748046875091e+03
6.700000000000000000e+01 4.236469287109374818e+03
6.800000000000000000e+01 3.749341577148437409e+03
6.900000000000000000e+01 3.817034619140625182e+03
7.000000000000000000e+01 3.441064111328124909e+03
7.100000000000000000e+01 3.714227978515625182e+03
7.200000000000000000e+01 3.871054907226562591e+03
7.300000000000000000e+01 3.832533325195312500e+03
7.400000000000000000e+01 3.794819531250000182e+03
7.500000000000000000e+01 3.497000927734375182e+03
7.600000000000000000e+01 4.160874755859375000e+03
7.700000000000000000e+01 3.687471728515624818e+03
7.800000000000000000e+01 3.188774609375000182e+03
7.900000000000000000e+01 3.420656762695312409e+03
8.000000000000000000e+01 2.974303100585937500e+03
8.100000000000000000e+01 3.034341833496093841e+03
8.200000000000000000e+01 3.493441064453124909e+03
8.300000000000000000e+01 3.344823193359375182e+03
8.400000000000000000e+01 3.604860107421875000e+03
8.500000000000000000e+01 3.648820141601562682e+03
8.600000000000000000e+01 3.536516186523437682e+03
8.700000000000000000e+01 4.144260498046875000e+03
8.800000000000000000e+01 3.515987036132812591e+03
8.900000000000000000e+01 3.559196752929687591e+03
9.000000000000000000e+01 4.226577099609375182e+03
9.100000000000000000e+01 4.105755908203124818e+03
9.200000000000000000e+01 2.880095617675781341e+03
9.300000000000000000e+01 3.501426831054687682e+03
9.400000000000000000e+01 3.069695117187499818e+03
9.500000000000000000e+01 3.254430834960937318e+03
9.600000000000000000e+01 3.390050524902343568e+03
9.700000000000000000e+01 3.181905053710937409e+03
9.800000000000000000e+01 2.934342700195312318e+03
9.900000000000000000e+01 3.272410253906250091e+03
