0.000000000000000000e+00 -7.969110488891602007e-01
1.000000000000000000e+00 -7.304359853267670122e-01
2.000000000000000000e+00 -7.674825847148895042e-01
3.000000000000000000e+00 -7.806461453437805176e-01
4.000000000000000000e+00 -7.508821845054626243e-01
5.000000000000000000e+00 -8.246062397956848145e-01
6.000000000000000000e+00 -8.186854541301726851e-01
7.000000000000000000e+00 -8.146884024143219438e-01
8.000000000000000000e+00 -7.597871005535126177e-01
9.000000000000000000e+00 -7.778856933116913286e-01
1.000000000000000000e+01 -8.097848355770110862e-01
1.100000000000000000e+01 -8.190920650959014893e-01
1.200000000000000000e+01 -7.898992359638213889e-01
1.300000000000000000e+01 -7.824819087982177734e-01
1.400000000000000000e+01 -8.536356806755065474e-01
1.500000000000000000e+01 -7.933328151702880859e-01
1.600000000000000000e+01 -8.061852157115936279e-01
1.700000000000000000e+01 -8.253941416740417925e-01
1.800000000000000000e+01 -8.007411241531372514e-01
1.900000000000000000e+01 -7.739859879016875999e-01
2.000000000000000000e+01 -8.217002153396606445e-01
2.100000000000000000e+01 -8.235936045646667925e-01
2.200000000000000000e+01 -8.210939824581146018e-01
2.300000000000000000e+01 -8.401084661483764204e-01
2.400000000000000000e+01 -8.115277588367462158e-01
2.500000000000000000e+01 -7.979140043258666770e-01
2.600000000000000000e+01 -7.479951977729797363e-01
2.700000000000000000e+01 -8.176838397979736550e-01
2.800000000000000000e+01 -7.729902505874634011e-01
2.900000000000000000e+01 -8.060286045074462891e-01
3.000000000000000000e+01 -8.039090991020202415e-01
3.100000000000000000e+01 -7.760888457298278365e-01
3.200000000000000000e+01 -8.214305460453033003e-01
3.300000000000000000e+01 -7.956525802612304243e-01
3.400000000000000000e+01 -8.142243862152099831e-01
3.500000000000000000e+01 -8.226073861122131792e-01
3.600000000000000000e+01 -8.121963620185852495e-01
3.700000000000000000e+01 -8.402303874492644820e-01
3.800000000000000000e+01 -8.270385384559630904e-01
3.900000000000000000e+01 -8.376428186893463135e-01
4.000000000000000000e+01 -8.183554053306579812e-01
4.100000000000000000e+01 -7.978093743324279341e-01
4.200000000000000000e+01 -7.683474838733672652e-01
4.300000000000000000e+01 -7.984957754611968772e-01
4.400000000000000000e+01 -7.967929303646087424e-01
4.500000000000000000e+01 -8.221127212047576460e-01
4.600000000000000000e+01 -8.273512780666351096e-01
4.700000000000000000e+01 -7.754036724567413552e-01
4.800000000000000000e+01 -8.025485336780547874e-01
4.900000000000000000e+01 -8.360286295413971169e-01
5.000000000000000000e+01 -7.510364413261413352e-01
5.100000000000000000e+01 -7.813218474388122781e-01
5.200000000000000000e+01 -7.808494567871093750e-01
5.300000000000000000e+01 -7.782773315906524880e-01
5.400000000000000000e+01 -8.050858199596404585e-01
5.500000000000000000e+01 -7.772067606449126753e-01
5.600000000000000000e+01 -8.331476449966430664e-01
5.700000000000000000e+01 -8.015718042850494829e-01
5.800000000000000000e+01 -8.378022193908691850e-01
5.900000000000000000e+01 -8.309981048107146773e-01
6.000000000000000000e+01 -8.357503652572632058e-01
6.100000000000000000e+01 -8.061617016792297363e-01
6.200000000000000000e+01 -8.036124944686889870e-01
6.300000000000000000e+01 -8.055390834808349165e-01
6.400000000000000000e+01 -8.562080323696136253e-01
6.500000000000000000e+01 -8.211216509342194048e-01
6.600000000000000000e+01 -8.093374848365784135e-01
6.700000000000000000e+01 -7.947739899158478005e-01
6.800000000000000000e+01 -8.231238126754760742e-01
6.900000000000000000e+01 -8.184543371200561079e-01
7.000000000000000000e+01 -8.262974083423614280e-01
7.100000000000000000e+01 -8.168588399887084517e-01
7.200000000000000000e+01 -7.692493140697479470e-01
7.300000000000000000e+01 -8.226159155368805154e-01
7.400000000000000000e+01 -8.322881102561950906e-01
7.500000000000000000e+01 -8.202074408531189187e-01
7.600000000000000000e+01 -7.917043089866637740e-01
7.700000000000000000e+01 -8.186512112617492232e-01
7.800000000000000000e+01 -8.170348703861236572e-01
7.900000000000000000e+01 -8.124560296535492387e-01
8.000000000000000000e+01 -8.456800520420074685e-01
8.100000000000000000e+01 -8.350982725620269553e-01
8.200000000000000000e+01 -8.156663656234741655e-01
8.300000000000000000e+01 -8.432440042495727983e-01
8.400000000000000000e+01 -7.748667597770690918e-01
8.500000000000000000e+01 -8.124424099922180620e-01
8.600000000000000000e+01 -7.800356745719909668e-01
8.700000000000000000e+01 -7.919535458087920698e-01
8.800000000000000000e+01 -8.224724352359771284e-01
8.900000000000000000e+01 -8.314553558826446311e-01
9.000000000000000000e+01 -7.586015224456786887e-01
9.100000000000000000e+01 -7.500890374183655229e-01
9.200000000000000000e+01 -8.579485595226288286e-01
9.300000000000000000e+01 -7.875374913215636985e-01
9.400000000000000000e+01 -8.222641289234161599e-01
9.500000000000000000e+01 -8.088904559612274392e-01
9.600000000000000000e+01 -8.378467679023742232e-01
9.700000000000000000e+01 -7.932360768318176270e-01
9.800000000000000000e+01 -7.936418235301971880e-01
9.900000000000000000e+01 -8.138213038444519487e-01
