0.000000000000000000e+00 3.573212802410125621e-01
1.000000000000000000e+00 3.016310274600982888e-01
2.000000000000000000e+00 3.048958837985992210e-01
3.000000000000000000e+00 2.943183720111847146e-01
4.000000000000000000e+00 2.476005643606185858e-01
5.000000000000000000e+00 2.876864552497863659e-01
6.000000000000000000e+00 2.401628106832504328e-01
7.000000000000000000e+00 2.676642984151840210e-01
8.000000000000000000e+00 3.030611872673034668e-01
9.000000000000000000e+00 2.673193246126174816e-01
1.000000000000000000e+01 2.679113417863845936e-01
1.100000000000000000e+01 2.307161211967468373e-01
1.200000000000000000e+01 2.748242348432540783e-01
1.300000000000000000e+01 2.454477936029434149e-01
1.400000000000000000e+01 2.550766199827194103e-01
1.500000000000000000e+01 2.454825192689895630e-01
1.600000000000000000e+01 2.595056265592575184e-01
1.700000000000000000e+01 2.408376395702362116e-01
1.800000000000000000e+01 2.127094238996505848e-01
1.900000000000000000e+01 2.307042092084884699e-01
2.000000000000000000e+01 2.654647767543792947e-01
2.100000000000000000e+01 2.419243335723876842e-01
2.200000000000000000e+01 1.945116668939590454e-01
2.300000000000000000e+01 2.601417511701583640e-01
2.400000000000000000e+01 2.282205909490585272e-01
2.500000000000000000e+01 1.868903011083603016e-01
2.600000000000000000e+01 2.246729880571365356e-01
2.700000000000000000e+01 1.985089689493179377e-01
2.800000000000000000e+01 2.106462895870208629e-01
2.900000000000000000e+01 1.747411251068115290e-01
3.000000000000000000e+01 2.289323359727859497e-01
3.100000000000000000e+01 1.958036184310913141e-01
3.200000000000000000e+01 2.018931955099105835e-01
3.300000000000000000e+01 2.011176228523254284e-01
3.400000000000000000e+01 1.889271199703216608e-01
3.500000000000000000e+01 1.674630045890808105e-01
3.600000000000000000e+01 1.861122012138366755e-01
3.700000000000000000e+01 1.871975004673004095e-01
3.800000000000000000e+01 1.833468735218048151e-01
3.900000000000000000e+01 1.996963977813720759e-01
4.000000000000000000e+01 1.846072256565093883e-01
4.100000000000000000e+01 1.742737770080566295e-01
4.200000000000000000e+01 2.073888182640075684e-01
4.300000000000000000e+01 1.943298697471618763e-01
4.400000000000000000e+01 1.664489269256591852e-01
4.500000000000000000e+01 1.703320384025573675e-01
4.600000000000000000e+01 1.856246024370193370e-01
4.700000000000000000e+01 1.825020164251327515e-01
4.800000000000000000e+01 1.809851735830307062e-01
4.900000000000000000e+01 1.618491530418396107e-01
5.000000000000000000e+01 1.872929453849792591e-01
5.100000000000000000e+01 1.632001817226410023e-01
5.200000000000000000e+01 1.654672086238861139e-01
5.300000000000000000e+01 1.620430082082748302e-01
5.400000000000000000e+01 1.371830523014068715e-01
5.500000000000000000e+01 1.343375712633133046e-01
5.600000000000000000e+01 1.760016560554504284e-01
5.700000000000000000e+01 1.373514264822006115e-01
5.800000000000000000e+01 1.455889701843261774e-01
5.900000000000000000e+01 1.405129104852676503e-01
6.000000000000000000e+01 1.435708492994308416e-01
6.100000000000000000e+01 1.453709840774536077e-01
6.200000000000000000e+01 1.409398466348648071e-01
6.300000000000000000e+01 1.430866688489914051e-01
6.400000000000000000e+01 1.614443391561508068e-01
6.500000000000000000e+01 1.450980633497238048e-01
6.600000000000000000e+01 1.543001860380172618e-01
6.700000000000000000e+01 1.640612185001373291e-01
6.800000000000000000e+01 1.423606038093566950e-01
6.900000000000000000e+01 1.569118171930313221e-01
7.000000000000000000e+01 1.287293732166290283e-01
7.100000000000000000e+01 1.371597200632095337e-01
7.200000000000000000e+01 1.361799329519271795e-01
7.300000000000000000e+01 1.242990702390670832e-01
7.400000000000000000e+01 1.306319057941436879e-01
7.500000000000000000e+01 1.288085937500000056e-01
7.600000000000000000e+01 1.403280854225158747e-01
7.700000000000000000e+01 1.227280646562576294e-01
7.800000000000000000e+01 1.201626896858215277e-01
7.900000000000000000e+01 1.346704751253127996e-01
8.000000000000000000e+01 1.323057174682617243e-01
8.100000000000000000e+01 1.253492325544357244e-01
8.200000000000000000e+01 1.406400591135024969e-01
8.300000000000000000e+01 1.207172423601150513e-01
8.400000000000000000e+01 1.101396143436431940e-01
8.500000000000000000e+01 1.376777350902557429e-01
8.600000000000000000e+01 1.213785856962203979e-01
8.700000000000000000e+01 1.210385411977767944e-01
8.800000000000000000e+01 1.205412358045578058e-01
8.900000000000000000e+01 1.240068972110748291e-01
9.000000000000000000e+01 1.313861519098281916e-01
9.100000000000000000e+01 1.162600874900817927e-01
9.200000000000000000e+01 1.444916546344757191e-01
9.300000000000000000e+01 1.275196611881256048e-01
9.400000000000000000e+01 1.161691457033157404e-01
9.500000000000000000e+01 1.160799205303192083e-01
9.600000000000000000e+01 1.090261936187744141e-01
9.700000000000000000e+01 1.152943998575210599e-01
9.800000000000000000e+01 1.182651966810226440e-01
9.900000000000000000e+01 1.337907671928405817e-01
1.000000000000000000e+02 1.144938826560974177e-01
1.010000000000000000e+02 1.012444019317626925e-01
1.020000000000000000e+02 1.067855119705200251e-01
1.030000000000000000e+02 1.236552417278289767e-01
1.040000000000000000e+02 1.269590228796005360e-01
1.050000000000000000e+02 1.210491657257080078e-01
1.060000000000000000e+02 1.159689813852310125e-01
1.070000000000000000e+02 1.056069612503051786e-01
1.080000000000000000e+02 1.093798547983169528e-01
1.090000000000000000e+02 1.066102117300033597e-01
1.100000000000000000e+02 1.021177589893341037e-01
1.110000000000000000e+02 1.069174706935882568e-01
1.120000000000000000e+02 1.110250294208526556e-01
1.130000000000000000e+02 9.386113286018371582e-02
1.140000000000000000e+02 1.091269701719284058e-01
1.150000000000000000e+02 1.106141597032546942e-01
1.160000000000000000e+02 1.080716401338577271e-01
1.170000000000000000e+02 1.028281450271606445e-01
1.180000000000000000e+02 1.077720254659652738e-01
1.190000000000000000e+02 1.014000862836837713e-01
1.200000000000000000e+02 9.986269772052765170e-02
1.210000000000000000e+02 1.082169353961944525e-01
1.220000000000000000e+02 1.062078773975372314e-01
1.230000000000000000e+02 9.392457008361816684e-02
1.240000000000000000e+02 9.641477167606353482e-02
1.250000000000000000e+02 9.422739148139953891e-02
1.260000000000000000e+02 1.075347006320953314e-01
1.270000000000000000e+02 1.135191649198532132e-01
1.280000000000000000e+02 1.168108433485031128e-01
1.290000000000000000e+02 9.352702796459197443e-02
1.300000000000000000e+02 9.605710506439209262e-02
1.310000000000000000e+02 1.090006858110427884e-01
1.320000000000000000e+02 9.683288931846618930e-02
1.330000000000000000e+02 9.844864010810852606e-02
1.340000000000000000e+02 1.054120570421218928e-01
1.350000000000000000e+02 9.830847680568695346e-02
1.360000000000000000e+02 1.000306367874145563e-01
1.370000000000000000e+02 9.272636771202087680e-02
1.380000000000000000e+02 1.006171077489852878e-01
1.390000000000000000e+02 1.118859261274337824e-01
1.400000000000000000e+02 1.046191841363906805e-01
1.410000000000000000e+02 8.171942234039306086e-02
1.420000000000000000e+02 1.026437968015670721e-01
1.430000000000000000e+02 9.383668601512909491e-02
1.440000000000000000e+02 9.504491984844207209e-02
1.450000000000000000e+02 9.691132009029387873e-02
1.460000000000000000e+02 8.896677196025848389e-02
1.470000000000000000e+02 9.473379850387572687e-02
1.480000000000000000e+02 1.006733357906341580e-01
1.490000000000000000e+02 9.622145295143127997e-02
