0.000000000000000000e+00 1.733888983726501465e+00
1.000000000000000000e+00 1.593058300018310502e+00
2.000000000000000000e+00 1.494779181480407670e+00
3.000000000000000000e+00 1.429337716102600186e+00
4.000000000000000000e+00 1.373311591148376420e+00
5.000000000000000000e+00 1.280220198631286666e+00
6.000000000000000000e+00 1.216743969917297274e+00
7.000000000000000000e+00 1.151879334449767978e+00
8.000000000000000000e+00 1.086084175109863326e+00
9.000000000000000000e+00 1.050439834594726562e+00
1.000000000000000000e+01 9.904136300086975320e-01
1.100000000000000000e+01 9.567036032676696777e-01
1.200000000000000000e+01 8.834496736526489258e-01
1.300000000000000000e+01 7.900542855262756570e-01
1.400000000000000000e+01 7.233480453491211160e-01
1.500000000000000000e+01 6.199273467063903809e-01
1.600000000000000000e+01 5.056837856769561546e-01
1.700000000000000000e+01 4.857193410396575817e-01
1.800000000000000000e+01 4.253516137599945290e-01
1.900000000000000000e+01 4.271430134773254172e-01
2.000000000000000000e+01 3.491494953632354736e-01
2.100000000000000000e+01 3.284499764442443959e-01
2.200000000000000000e+01 3.067165911197662354e-01
2.300000000000000000e+01 2.683328092098236084e-01
2.400000000000000000e+01 2.582681179046630859e-01
2.500000000000000000e+01 2.431777745485305675e-01
2.600000000000000000e+01 2.249853909015655518e-01
2.700000000000000000e+01 2.175073951482772716e-01
2.800000000000000000e+01 1.966677635908126720e-01
2.900000000000000000e+01 1.976582705974578857e-01
3.000000000000000000e+01 1.807560890913009755e-01
3.100000000000000000e+01 1.774290740489959661e-01
3.200000000000000000e+01 1.617186486721038929e-01
3.300000000000000000e+01 1.491658687591552734e-01
3.400000000000000000e+01 1.535357415676116832e-01
3.500000000000000000e+01 1.475964188575744629e-01
3.600000000000000000e+01 1.511343628168106135e-01
3.700000000000000000e+01 1.474127322435379028e-01
3.800000000000000000e+01 1.469620764255523682e-01
3.900000000000000000e+01 1.410338491201400812e-01
4.000000000000000000e+01 1.299730122089385875e-01
4.100000000000000000e+01 1.394026368856429998e-01
4.200000000000000000e+01 1.289871841669082697e-01
4.300000000000000000e+01 1.210025578737258939e-01
4.400000000000000000e+01 1.204812556505203275e-01
4.500000000000000000e+01 1.196763992309570340e-01
4.600000000000000000e+01 1.261142402887344416e-01
4.700000000000000000e+01 1.218511372804641779e-01
4.800000000000000000e+01 1.194722831249237088e-01
4.900000000000000000e+01 1.288411766290664673e-01
5.000000000000000000e+01 1.119768887758254977e-01
5.100000000000000000e+01 1.179918527603149442e-01
5.200000000000000000e+01 1.148449391126632746e-01
5.300000000000000000e+01 1.055811911821365329e-01
5.400000000000000000e+01 1.184314042329788208e-01
5.500000000000000000e+01 1.090945541858673040e-01
5.600000000000000000e+01 1.205644398927688543e-01
5.700000000000000000e+01 1.117961019277572687e-01
5.800000000000000000e+01 1.032131254673004095e-01
5.900000000000000000e+01 1.119620203971862793e-01
6.000000000000000000e+01 1.121469020843505887e-01
6.100000000000000000e+01 1.092023879289627103e-01
6.200000000000000000e+01 9.816411733627319891e-02
6.300000000000000000e+01 1.041563123464584323e-01
6.400000000000000000e+01 9.367077052593231201e-02
6.500000000000000000e+01 9.781143367290497104e-02
6.600000000000000000e+01 1.039855718612670843e-01
6.700000000000000000e+01 1.064048498868942205e-01
6.800000000000000000e+01 9.728896617889404297e-02
6.900000000000000000e+01 9.509651362895965576e-02
7.000000000000000000e+01 1.091342180967330988e-01
7.100000000000000000e+01 1.016811817884445135e-01
7.200000000000000000e+01 9.881042540073395331e-02
7.300000000000000000e+01 9.882293939590454379e-02
7.400000000000000000e+01 9.637998342514038363e-02
7.500000000000000000e+01 8.356971442699431818e-02
7.600000000000000000e+01 9.902868270874023993e-02
7.700000000000000000e+01 9.420894980430602472e-02
7.800000000000000000e+01 9.882737100124358576e-02
7.900000000000000000e+01 8.918197154998779019e-02
8.000000000000000000e+01 9.358719289302826205e-02
8.100000000000000000e+01 9.849358797073363980e-02
8.200000000000000000e+01 9.094970524311066229e-02
8.300000000000000000e+01 8.850618600845336359e-02
8.400000000000000000e+01 9.836201965808868963e-02
8.500000000000000000e+01 8.451730310916900912e-02
8.600000000000000000e+01 9.442334473133087713e-02
8.700000000000000000e+01 9.012276530265808661e-02
8.800000000000000000e+01 9.159993231296539862e-02
8.900000000000000000e+01 9.661512672901154120e-02
9.000000000000000000e+01 8.947120308876037320e-02
9.100000000000000000e+01 8.729224503040314276e-02
9.200000000000000000e+01 8.756603598594665805e-02
9.300000000000000000e+01 9.022055566310882568e-02
9.400000000000000000e+01 8.931825757026672086e-02
9.500000000000000000e+01 8.704317510128020685e-02
9.600000000000000000e+01 7.626191675662993830e-02
9.700000000000000000e+01 8.811458647251128873e-02
9.800000000000000000e+01 8.427759408950805109e-02
9.900000000000000000e+01 9.522518515586853027e-02
1.000000000000000000e+02 8.465408682823180597e-02
1.010000000000000000e+02 9.000419974327086847e-02
1.020000000000000000e+02 8.839070796966552734e-02
1.030000000000000000e+02 8.643541038036346713e-02
1.040000000000000000e+02 8.619004189968108853e-02
1.050000000000000000e+02 8.245641589164734442e-02
1.060000000000000000e+02 8.474771082401275080e-02
1.070000000000000000e+02 7.968198657035827082e-02
1.080000000000000000e+02 8.239192962646484097e-02
1.090000000000000000e+02 8.238035738468170444e-02
1.100000000000000000e+02 7.307147681713103970e-02
1.110000000000000000e+02 8.209990262985229770e-02
1.120000000000000000e+02 8.047128319740295965e-02
1.130000000000000000e+02 8.432724773883819303e-02
1.140000000000000000e+02 8.143997788429260809e-02
1.150000000000000000e+02 8.467923998832702082e-02
1.160000000000000000e+02 8.954935073852539340e-02
1.170000000000000000e+02 8.563154935836791992e-02
1.180000000000000000e+02 8.093344271183014471e-02
1.190000000000000000e+02 8.262177705764769953e-02
1.200000000000000000e+02 7.641595602035522461e-02
1.210000000000000000e+02 8.638529181480407437e-02
1.220000000000000000e+02 7.834772765636444092e-02
1.230000000000000000e+02 7.112940549850463312e-02
1.240000000000000000e+02 7.886535525321961004e-02
1.250000000000000000e+02 8.096686303615570346e-02
1.260000000000000000e+02 8.270101547241211215e-02
1.270000000000000000e+02 8.261188268661498468e-02
1.280000000000000000e+02 7.751703858375549872e-02
1.290000000000000000e+02 7.759350836277008334e-02
1.300000000000000000e+02 7.186951637268065851e-02
1.310000000000000000e+02 8.247119784355164129e-02
1.320000000000000000e+02 8.166118562221527655e-02
1.330000000000000000e+02 7.848928868770599365e-02
1.340000000000000000e+02 7.621280252933501642e-02
1.350000000000000000e+02 7.483861744403838556e-02
1.360000000000000000e+02 7.931372225284576138e-02
1.370000000000000000e+02 8.355411291122435968e-02
1.380000000000000000e+02 8.021936714649199884e-02
1.390000000000000000e+02 7.726681828498840887e-02
1.400000000000000000e+02 7.638082504272461493e-02
1.410000000000000000e+02 7.744624912738799771e-02
1.420000000000000000e+02 8.268800675868988315e-02
1.430000000000000000e+02 7.466401755809784491e-02
1.440000000000000000e+02 7.775481343269348422e-02
1.450000000000000000e+02 7.511828839778900146e-02
1.460000000000000000e+02 7.727222442626953403e-02
1.470000000000000000e+02 7.235211730003357489e-02
1.480000000000000000e+02 6.813707947731018066e-02
1.490000000000000000e+02 8.162583112716674527e-02
