0.000000000000000000e+00 5.970504760742187944e-01
1.000000000000000000e+00 5.402452468872069868e-01
2.000000000000000000e+00 5.088397324085235374e-01
3.000000000000000000e+00 4.944806575775146373e-01
4.000000000000000000e+00 4.925236701965332031e-01
5.000000000000000000e+00 5.002472102642059326e-01
6.000000000000000000e+00 4.864703774452209251e-01
7.000000000000000000e+00 4.864937067031860352e-01
8.000000000000000000e+00 4.853874504566192405e-01
9.000000000000000000e+00 4.853382766246795432e-01
1.000000000000000000e+01 4.653208017349242942e-01
1.100000000000000000e+01 4.728128135204315297e-01
1.200000000000000000e+01 4.624853730201721191e-01
1.300000000000000000e+01 4.640609383583068626e-01
1.400000000000000000e+01 4.596459746360778698e-01
1.500000000000000000e+01 4.647438168525696023e-01
1.600000000000000000e+01 4.568149924278259166e-01
1.700000000000000000e+01 4.589942932128906472e-01
1.800000000000000000e+01 4.733569025993347168e-01
1.900000000000000000e+01 4.510908186435699241e-01
2.000000000000000000e+01 4.492851018905639759e-01
2.100000000000000000e+01 4.689313590526580922e-01
2.200000000000000000e+01 4.688497364521026500e-01
2.300000000000000000e+01 4.487887680530547874e-01
2.400000000000000000e+01 4.492659211158752663e-01
2.500000000000000000e+01 4.499084591865539773e-01
2.600000000000000000e+01 4.633330762386321799e-01
2.700000000000000000e+01 4.479869723320007435e-01
2.800000000000000000e+01 4.662178099155426247e-01
2.900000000000000000e+01 4.608333230018615834e-01
3.000000000000000000e+01 4.471094608306884766e-01
3.100000000000000000e+01 4.558781623840332253e-01
3.200000000000000000e+01 4.441446065902709961e-01
3.300000000000000000e+01 4.552009344100952370e-01
3.400000000000000000e+01 4.483508288860321156e-01
3.500000000000000000e+01 4.528064131736755371e-01
3.600000000000000000e+01 4.648839533329010010e-01
3.700000000000000000e+01 4.471088469028473011e-01
3.800000000000000000e+01 4.370031595230102761e-01
3.900000000000000000e+01 4.459666788578033336e-01
4.000000000000000000e+01 4.530649900436401478e-01
4.100000000000000000e+01 4.411970198154449574e-01
4.200000000000000000e+01 4.506842136383056863e-01
4.300000000000000000e+01 4.399747490882873757e-01
4.400000000000000000e+01 4.565337121486663929e-01
4.500000000000000000e+01 4.525974810123443715e-01
4.600000000000000000e+01 4.366465151309967263e-01
4.700000000000000000e+01 4.610422313213348167e-01
4.800000000000000000e+01 4.560032486915588379e-01
4.900000000000000000e+01 4.336223602294921875e-01
