0.000000000000000000e+00 7.761217415332793967e-01
1.000000000000000000e+00 8.140311479568481667e-01
2.000000000000000000e+00 7.831528604030608687e-01
3.000000000000000000e+00 7.456596910953521284e-01
4.000000000000000000e+00 7.469354629516601340e-01
5.000000000000000000e+00 7.478428602218627486e-01
6.000000000000000000e+00 7.468226671218871626e-01
7.000000000000000000e+00 7.472641944885254350e-01
8.000000000000000000e+00 7.462989926338196023e-01
9.000000000000000000e+00 7.473470807075500710e-01
1.000000000000000000e+01 7.467484116554260476e-01
1.100000000000000000e+01 7.467035949230194092e-01
1.200000000000000000e+01 7.480690062046051469e-01
1.300000000000000000e+01 7.472878396511077881e-01
1.400000000000000000e+01 7.473639965057372603e-01
1.500000000000000000e+01 7.460851311683655007e-01
1.600000000000000000e+01 7.453204214572906050e-01
1.700000000000000000e+01 7.449124157428741455e-01
1.800000000000000000e+01 7.474403142929076926e-01
1.900000000000000000e+01 7.483842253684998003e-01
2.000000000000000000e+01 7.476613938808440718e-01
2.100000000000000000e+01 7.481226444244384322e-01
2.200000000000000000e+01 7.479280114173889604e-01
2.300000000000000000e+01 7.474236071109772173e-01
2.400000000000000000e+01 7.475283443927764893e-01
2.500000000000000000e+01 7.479827582836151567e-01
2.600000000000000000e+01 7.480411827564239502e-01
2.700000000000000000e+01 7.490539550781250000e-01
2.800000000000000000e+01 7.492432177066803423e-01
2.900000000000000000e+01 7.472862720489501509e-01
3.000000000000000000e+01 7.465957880020142046e-01
3.100000000000000000e+01 7.465960144996642844e-01
3.200000000000000000e+01 7.489689886569976807e-01
3.300000000000000000e+01 7.466171026229858620e-01
3.400000000000000000e+01 7.476531922817230003e-01
3.500000000000000000e+01 7.486993372440338135e-01
3.600000000000000000e+01 7.491174221038818803e-01
3.700000000000000000e+01 7.492166817188262717e-01
3.800000000000000000e+01 7.485622882843017134e-01
3.900000000000000000e+01 7.490619897842407671e-01
4.000000000000000000e+01 7.487693667411804421e-01
4.100000000000000000e+01 7.485966265201569048e-01
4.200000000000000000e+01 7.492206335067749245e-01
4.300000000000000000e+01 7.489460468292236106e-01
4.400000000000000000e+01 7.491279423236847368e-01
4.500000000000000000e+01 7.488207638263701948e-01
4.600000000000000000e+01 7.484376966953277810e-01
4.700000000000000000e+01 7.492285251617432085e-01
4.800000000000000000e+01 7.497417986392974631e-01
4.900000000000000000e+01 7.487639009952544722e-01
