0.000000000000000000e+00 1.726691162586212247e+00
1.000000000000000000e+00 8.822630643844604492e-01
2.000000000000000000e+00 6.940502464771270974e-01
3.000000000000000000e+00 5.753895640373229980e-01
4.000000000000000000e+00 5.021276235580444114e-01
5.000000000000000000e+00 4.425467550754547119e-01
6.000000000000000000e+00 3.934657722711563110e-01
7.000000000000000000e+00 3.564161598682403786e-01
8.000000000000000000e+00 3.250132739543915017e-01
9.000000000000000000e+00 2.934101134538650291e-01
1.000000000000000000e+01 2.684480473399162292e-01
1.100000000000000000e+01 2.396694213151931707e-01
1.200000000000000000e+01 2.288075104355812017e-01
1.300000000000000000e+01 2.120168387889861950e-01
1.400000000000000000e+01 1.923108235001564081e-01
1.500000000000000000e+01 1.800168976187705994e-01
1.600000000000000000e+01 1.729094520211219843e-01
1.700000000000000000e+01 1.722558617591857799e-01
1.800000000000000000e+01 1.544894933700561579e-01
1.900000000000000000e+01 1.386987127363681904e-01
2.000000000000000000e+01 1.350627914071083069e-01
2.100000000000000000e+01 1.253900952637195532e-01
2.200000000000000000e+01 1.283845610916614643e-01
2.300000000000000000e+01 1.149442613124847384e-01
2.400000000000000000e+01 1.115257404744625092e-01
2.500000000000000000e+01 1.017791427671909388e-01
2.600000000000000000e+01 9.762865602970123569e-02
2.700000000000000000e+01 9.388770684599875849e-02
2.800000000000000000e+01 9.002270549535751343e-02
2.900000000000000000e+01 8.402792066335677823e-02
3.000000000000000000e+01 8.645071014761925021e-02
3.100000000000000000e+01 7.361987493932246884e-02
3.200000000000000000e+01 7.691469863057136258e-02
3.300000000000000000e+01 7.116271443665027341e-02
3.400000000000000000e+01 6.853274032473563593e-02
3.500000000000000000e+01 6.602313071489333829e-02
3.600000000000000000e+01 6.759889982640743256e-02
3.700000000000000000e+01 6.114751212298870364e-02
3.800000000000000000e+01 5.995437763631343564e-02
3.900000000000000000e+01 6.002591773867606978e-02
4.000000000000000000e+01 5.791333094239235063e-02
4.100000000000000000e+01 5.182467587292194366e-02
4.200000000000000000e+01 5.752334035933017592e-02
4.300000000000000000e+01 5.408550687134265622e-02
4.400000000000000000e+01 5.003814734518528123e-02
4.500000000000000000e+01 5.046342760324477872e-02
4.600000000000000000e+01 5.184540562331676344e-02
4.700000000000000000e+01 5.309783145785331587e-02
4.800000000000000000e+01 5.451632067561149736e-02
4.900000000000000000e+01 5.356051139533520022e-02
