0.000000000000000000e+00 -4.114327188581227979e-02
1.000000000000000000e+00 -7.847740994766354283e-02
2.000000000000000000e+00 -6.964698303490876596e-02
3.000000000000000000e+00 -1.242180699482560088e-02
4.000000000000000000e+00 -9.573430903255938929e-02
5.000000000000000000e+00 -1.114793722517788410e-01
6.000000000000000000e+00 -1.289313929155468975e-02
7.000000000000000000e+00 -2.021605307236313750e-02
8.000000000000000000e+00 -1.386460987851023674e-02
9.000000000000000000e+00 -2.306539332494139671e-02
1.000000000000000000e+01 -4.161711242049932757e-02
1.100000000000000000e+01 -2.129137478768825670e-02
1.200000000000000000e+01 -1.943995589390397002e-02
1.300000000000000000e+01 -1.051783215254545184e-01
1.400000000000000000e+01 -4.330193093046545705e-02
1.500000000000000000e+01 -1.479489635676145554e-02
1.600000000000000000e+01 -6.537650702521205504e-02
1.700000000000000000e+01 -5.382850244641303877e-02
1.800000000000000000e+01 -1.627899808809161325e-02
1.900000000000000000e+01 -9.604058722034096440e-02
2.000000000000000000e+01 -5.533915562555193762e-02
2.100000000000000000e+01 -3.033577417954802513e-02
2.200000000000000000e+01 -1.777851247228681986e-01
2.300000000000000000e+01 -1.616339208558201929e-02
2.400000000000000000e+01 -7.444504667073488513e-02
2.500000000000000000e+01 -1.684670345857739587e-02
2.600000000000000000e+01 -1.672693742439150880e-02
2.700000000000000000e+01 -4.367678770795464793e-02
2.800000000000000000e+01 -1.509369321167469136e-01
2.900000000000000000e+01 -2.014822484925389220e-02
3.000000000000000000e+01 -3.834853153675794879e-02
3.100000000000000000e+01 -2.604996813461184571e-02
3.200000000000000000e+01 -7.345254700630902966e-02
3.300000000000000000e+01 -1.639163680374622345e-02
3.400000000000000000e+01 -1.548591786995530059e-02
3.500000000000000000e+01 -3.310609022155404368e-02
3.600000000000000000e+01 -3.117823889479041238e-02
3.700000000000000000e+01 -3.791012950241565843e-02
3.800000000000000000e+01 -2.135529136285185814e-02
3.900000000000000000e+01 -1.641850709915161077e-01
4.000000000000000000e+01 -4.191022198647260943e-02
4.100000000000000000e+01 -1.700463769957423141e-02
4.200000000000000000e+01 -1.742329206317663054e-02
4.300000000000000000e+01 -9.540744200348853787e-02
4.400000000000000000e+01 -1.806729398667812278e-02
4.500000000000000000e+01 -2.287116525694727828e-02
4.600000000000000000e+01 -1.865188609808683326e-02
4.700000000000000000e+01 -1.794689819216728141e-02
4.800000000000000000e+01 -1.570822419598698616e-01
4.900000000000000000e+01 -1.918721068650484224e-02
