0.000000000000000000e+00 5.958540320396423784e-01
1.000000000000000000e+00 5.408995628356934038e-01
2.000000000000000000e+00 5.172173857688904253e-01
3.000000000000000000e+00 5.073650121688842995e-01
4.000000000000000000e+00 5.034805178642273171e-01
5.000000000000000000e+00 5.010367751121520552e-01
6.000000000000000000e+00 4.983040392398834229e-01
7.000000000000000000e+00 4.938966333866119385e-01
8.000000000000000000e+00 4.879510700702667236e-01
9.000000000000000000e+00 4.730240762233733909e-01
1.000000000000000000e+01 4.587927401065826638e-01
1.100000000000000000e+01 4.391570687294006348e-01
1.200000000000000000e+01 4.358179032802581565e-01
1.300000000000000000e+01 4.035055637359619141e-01
1.400000000000000000e+01 3.887169063091278076e-01
1.500000000000000000e+01 3.360700607299804688e-01
1.600000000000000000e+01 2.970236837863922119e-01
1.700000000000000000e+01 2.626551032066345437e-01
1.800000000000000000e+01 2.328343540430068970e-01
1.900000000000000000e+01 2.141325205564498790e-01
2.000000000000000000e+01 2.024571597576141357e-01
2.100000000000000000e+01 1.941820234060287476e-01
2.200000000000000000e+01 1.940090954303741455e-01
2.300000000000000000e+01 1.869804829359054676e-01
2.400000000000000000e+01 1.810484141111373957e-01
2.500000000000000000e+01 1.676345109939575140e-01
2.600000000000000000e+01 1.644104063510894720e-01
2.700000000000000000e+01 1.648719429969787709e-01
2.800000000000000000e+01 1.521539896726608332e-01
2.900000000000000000e+01 1.555901169776916504e-01
3.000000000000000000e+01 1.423521906137466542e-01
3.100000000000000000e+01 1.463436394929885920e-01
3.200000000000000000e+01 1.378646552562713679e-01
3.300000000000000000e+01 1.384466618299484142e-01
3.400000000000000000e+01 1.287724867463111988e-01
3.500000000000000000e+01 1.235042035579681369e-01
3.600000000000000000e+01 1.224152997136116056e-01
3.700000000000000000e+01 1.163658544421195956e-01
3.800000000000000000e+01 1.195245519280433710e-01
3.900000000000000000e+01 1.213678285479545538e-01
4.000000000000000000e+01 1.159784406423568781e-01
4.100000000000000000e+01 1.208201736211776678e-01
4.200000000000000000e+01 1.166027307510375949e-01
4.300000000000000000e+01 1.104422345757484492e-01
4.400000000000000000e+01 1.064513638615608160e-01
4.500000000000000000e+01 1.018895551562309237e-01
4.600000000000000000e+01 1.037644952535629328e-01
4.700000000000000000e+01 9.768316447734833041e-02
4.800000000000000000e+01 1.012038066983222961e-01
4.900000000000000000e+01 1.024609744548797552e-01
